
  RooFitResult: minimized FCN value: -23264.4, estimated distance to minimum: 3.75382e-07
                covariance matrix quality: Full, accurate covariance matrix
                Status : MINIMIZE=0 HESSE=0 MINOS=0 

    Floating Parameter  InitialValue    FinalValue (+HiError,-LoError)    GblCorr.
  --------------------  ------------  ----------------------------------  --------
              NbkgFail    1.0003e-02    1.0000e-02 (+2.61e+00,-3.06e-07)  <none>
              NbkgPass    2.1775e+00    2.1775e+00 (+2.94e+00,-1.98e+00)  <none>
                  Nsig    5.9418e+03    5.9418e+03 (+7.74e+01,-7.68e+01)  <none>
                   eff    9.5725e-01    9.5725e-01 (+2.57e-03,-2.68e-03)  <none>
           meanFail_12    6.5589e-01    6.5583e-01         +/-  5.13e-01  <none>
           meanPass_12    4.2191e-01    4.2191e-01 (+4.83e-02,-4.83e-02)  <none>
          sigmaFail_12    4.3580e-01    4.3593e-01 (+4.58e-01,-4.59e-01)  <none>
          sigmaPass_12    8.9002e-01    8.9002e-01 (+1.18e-01,-1.28e-01)  <none>
              tFail_12   -2.1759e-05   -1.7491e-05 (+1.75e-05,-1.00e+00)  <none>
              tPass_12   -8.4554e-01   -8.4554e-01 (+6.67e-01,-1.54e-01)  <none>


  Correlation Matrix
 --------------------
   1.0000  -0.0000   0.0007  -0.0035   0.0011   0.0000  -0.0024  -0.0000  -0.1793  -0.0000
  -0.0000   1.0000  -0.0205  -0.0043   0.0001   0.0242  -0.0002   0.0273   0.0000   0.2753
   0.0007  -0.0205   1.0000   0.0001   0.0000  -0.0008  -0.0001  -0.0009  -0.0005  -0.0091
  -0.0035  -0.0043   0.0001   1.0000  -0.0000  -0.0002   0.0000  -0.0002   0.0024  -0.0018
   0.0011   0.0001   0.0000  -0.0000   1.0000   0.0000  -0.8456   0.0001  -0.0037   0.0000
   0.0000   0.0242  -0.0008  -0.0002   0.0000   1.0000  -0.0000  -0.0046   0.0000   0.0009
  -0.0024  -0.0002  -0.0001   0.0000  -0.8456  -0.0000   1.0000  -0.0001   0.0048  -0.0000
  -0.0000   0.0273  -0.0009  -0.0002   0.0001  -0.0046  -0.0001   1.0000  -0.0000   0.0027
  -0.1793   0.0000  -0.0005   0.0024  -0.0037   0.0000   0.0048  -0.0000   1.0000   0.0000
  -0.0000   0.2753  -0.0091  -0.0018   0.0000   0.0009  -0.0000   0.0027   0.0000   1.0000
