
  RooFitResult: minimized FCN value: -12412.7, estimated distance to minimum: 1.68386e-06
                covariance matrix quality: Full, accurate covariance matrix
                Status : MINIMIZE=0 HESSE=0 MINOS=0 

    Floating Parameter  InitialValue    FinalValue (+HiError,-LoError)    GblCorr.
  --------------------  ------------  ----------------------------------  --------
              NbkgFail    6.5125e+01    6.5126e+01 (+1.64e+01,-1.59e+01)  <none>
              NbkgPass    1.1272e+02    1.1272e+02 (+3.17e+01,-3.08e+01)  <none>
                  Nsig    3.7852e+03    3.7852e+03 (+7.01e+01,-6.97e+01)  <none>
                   eff    9.0228e-01    9.0228e-01 (+5.95e-03,-6.02e-03)  <none>
            meanFail_3    1.3233e-02    1.3239e-02 (+3.70e-01,-4.00e-01)  <none>
            meanPass_3    2.5529e-01    2.5433e-01         +/-  1.55e+00  <none>
           sigmaFail_3    1.0229e-01    1.0226e-01 (+4.45e-01,-4.10e+00)  <none>
           sigmaPass_3    3.4319e-01    3.4250e-01         +/-  9.78e-01  <none>
               tFail_3   -2.5501e-02   -2.5501e-02 (+1.04e-02,-1.01e-02)  <none>
               tPass_3   -4.9485e-02   -4.9483e-02 (+1.49e-02,-1.88e-02)  <none>


  Correlation Matrix
 --------------------
   1.0000   0.0001  -0.1785   0.4977   0.0043   0.0002   0.0017   0.0002  -0.1733   0.0000
   0.0001   1.0000  -0.3986  -0.1204   0.0015  -0.1152   0.0015  -0.1177  -0.0000   0.3680
  -0.1785  -0.3986   1.0000  -0.0630  -0.0024   0.0514  -0.0018   0.0525   0.0408  -0.1656
   0.4977  -0.1204  -0.0630   1.0000   0.0026   0.0160   0.0009   0.0164  -0.1138  -0.0501
   0.0043   0.0015  -0.0024   0.0026   1.0000  -0.0109   0.9996  -0.0108  -0.0051   0.0016
   0.0002  -0.1152   0.0514   0.0160  -0.0109   1.0000  -0.0108   0.9992   0.0003  -0.1774
   0.0017   0.0015  -0.0018   0.0009   0.9996  -0.0108   1.0000  -0.0108  -0.0001   0.0016
   0.0002  -0.1177   0.0525   0.0164  -0.0108   0.9992  -0.0108   1.0000   0.0003  -0.1767
  -0.1733  -0.0000   0.0408  -0.1138  -0.0051   0.0003  -0.0001   0.0003   1.0000  -0.0000
   0.0000   0.3680  -0.1656  -0.0501   0.0016  -0.1774   0.0016  -0.1767  -0.0000   1.0000
