
  RooFitResult: minimized FCN value: -23291.8, estimated distance to minimum: 1.60564e-06
                covariance matrix quality: Full, accurate covariance matrix
                Status : MINIMIZE=0 HESSE=0 MINOS=0 

    Floating Parameter  InitialValue    FinalValue (+HiError,-LoError)    GblCorr.
  --------------------  ------------  ----------------------------------  --------
              NbkgFail    1.0031e-02    1.0006e-02 (+2.57e+00,-6.49e-06)  <none>
              NbkgPass    1.0334e-02    1.0002e-02 (+6.36e+00,-2.48e-06)  <none>
                  Nsig    5.9510e+03    5.9510e+03 (+7.75e+01,-7.68e+01)  <none>
                   eff    9.6723e-01    9.6723e-01 (+2.26e-03,-2.36e-03)  <none>
           meanFail_23    7.8475e-01    7.8475e-01 (+3.58e-01,-3.61e-01)  <none>
           meanPass_23    3.5630e-01    3.5630e-01 (+5.02e-02,-5.02e-02)  <none>
          sigmaFail_23    1.9991e+00    1.9991e+00 (+5.14e-01,-5.68e-01)  <none>
          sigmaPass_23    1.2202e+00    1.2202e+00 (+1.02e-01,-1.07e-01)  <none>
              tFail_23   -5.4483e-02   -5.6270e-02 (+5.63e-02,-9.44e-01)  <none>
              tPass_23   -2.9133e-03   -8.2018e-05 (+8.20e-05,-1.00e+00)  <none>


  Correlation Matrix
 --------------------
   1.0000  -0.0000  -0.0009   0.0049   0.0031  -0.0000  -0.0006   0.0000  -0.0341   0.0000
  -0.0000   1.0000   0.0017   0.0003   0.0000   0.0004  -0.0000   0.0008   0.0000   0.1870
  -0.0009   0.0017   1.0000  -0.0000  -0.0000   0.0000   0.0000   0.0000   0.0001   0.0005
   0.0049   0.0003  -0.0000   1.0000   0.0000  -0.0000   0.0000   0.0000  -0.0005   0.0001
   0.0031   0.0000  -0.0000   0.0000   1.0000   0.0000  -0.1553  -0.0000  -0.0098  -0.0000
  -0.0000   0.0004   0.0000  -0.0000   0.0000   1.0000  -0.0000  -0.0219   0.0000   0.0020
  -0.0006  -0.0000   0.0000   0.0000  -0.1553  -0.0000   1.0000   0.0001  -0.0063   0.0000
   0.0000   0.0008   0.0000   0.0000  -0.0000  -0.0219   0.0001   1.0000  -0.0000   0.0002
  -0.0341   0.0000   0.0001  -0.0005  -0.0098   0.0000  -0.0063  -0.0000   1.0000  -0.0000
   0.0000   0.1870   0.0005   0.0001  -0.0000   0.0020   0.0000   0.0002  -0.0000   1.0000
