
  RooFitResult: minimized FCN value: -7828.34, estimated distance to minimum: 4.08157e-05
                covariance matrix quality: Full matrix, but forced positive-definite
                Status : MINIMIZE=1 HESSE=1 MINOS=1 

    Constant Parameter    Value     
  --------------------  ------------
            peakFail_0    9.1188e+01

    Floating Parameter  InitialValue    FinalValue (+HiError,-LoError)    GblCorr.
  --------------------  ------------  ----------------------------------  --------
              NbkgFail    5.6663e+02    5.6656e+02 (+4.89e+01,-4.10e+01)  <none>
              NbkgPass    1.8307e+01    1.8307e+01 (+1.62e+01,-1.41e+01)  <none>
                  Nsig    2.7731e+03    2.7731e+03 (+6.39e+01,-6.83e+01)  <none>
            alfaFail_0    1.6771e+02    1.6910e+02 (+8.09e+01,-1.64e+02)  <none>
            betaFail_0    9.8308e-03    9.7816e-03 (+1.00e-02,-9.78e-03)  <none>
                   eff    7.2977e-01    7.2975e-01 (+1.40e-02,-1.20e-02)  <none>
           gammaFail_0    3.3040e-02    3.3062e-02 (+9.76e-02,-2.51e-02)  <none>
            meanFail_0    1.4787e-01    1.4845e-01         +/-  1.36e+00  <none>
            meanPass_0    7.3216e-02    7.3217e-02 (+3.91e-01,-1.69e-01)  <none>
           sigmaFail_0    6.5638e-01    6.5778e-01 (+9.46e-01,-2.81e+00)  <none>
           sigmaPass_0    3.5653e-01    3.5653e-01 (+5.62e-01,-4.04e-01)  <none>
               tPass_0   -8.0483e-07   -9.1591e-08 (+9.16e-08,-2.31e-02)  <none>


  Correlation Matrix
 --------------------
   1.0000  -0.0001  -0.4259  -0.2280   0.3835   0.5850   0.1668  -0.0181   0.0001  -0.0246   0.0001   0.0000
  -0.0001   1.0000  -0.2161   0.0000  -0.0001  -0.1100  -0.0000  -0.0000  -0.0020  -0.0000   0.0023  -0.0048
  -0.4259  -0.2161   1.0000   0.1462  -0.2458  -0.3491  -0.1069   0.0116   0.0004   0.0158  -0.0006   0.0011
  -0.2280   0.0000   0.1462   1.0000  -0.7024  -0.2008   0.4879   0.0086  -0.0002   0.0111  -0.0002  -0.0000
   0.3835  -0.0001  -0.2458  -0.7024   1.0000   0.3376   0.2746  -0.0159   0.0002  -0.0188   0.0002   0.0000
   0.5850  -0.1100  -0.3491  -0.2008   0.3376   1.0000   0.1468  -0.0160   0.0004  -0.0217  -0.0002   0.0006
   0.1668  -0.0000  -0.1069   0.4879   0.2746   0.1468   1.0000  -0.0062   0.0000  -0.0084   0.0000   0.0000
  -0.0181  -0.0000   0.0116   0.0086  -0.0159  -0.0160  -0.0062   1.0000  -0.0006   0.9957  -0.0006   0.0000
   0.0001  -0.0020   0.0004  -0.0002   0.0002   0.0004   0.0000  -0.0006   1.0000  -0.0006   0.9948  -0.0001
  -0.0246  -0.0000   0.0158   0.0111  -0.0188  -0.0217  -0.0084   0.9957  -0.0006   1.0000  -0.0006   0.0000
   0.0001   0.0023  -0.0006  -0.0002   0.0002  -0.0002   0.0000  -0.0006   0.9948  -0.0006   1.0000   0.0001
   0.0000  -0.0048   0.0011  -0.0000   0.0000   0.0006   0.0000   0.0000  -0.0001   0.0000   0.0001   1.0000
