
  RooFitResult: minimized FCN value: -7076.11, estimated distance to minimum: 0.000529715
                covariance matrix quality: Full, accurate covariance matrix
                Status : MINIMIZE=0 HESSE=0 MINOS=0 

    Constant Parameter    Value     
  --------------------  ------------
           peakFail_11    9.1188e+01

    Floating Parameter  InitialValue    FinalValue (+HiError,-LoError)    GblCorr.
  --------------------  ------------  ----------------------------------  --------
              NbkgFail    5.7707e+02    5.7714e+02         +/-  5.17e+01  <none>
              NbkgPass    2.1517e+01    2.1619e+01 (+2.06e+01,-1.38e+01)  <none>
                  Nsig    2.5414e+03    2.5412e+03 (+8.06e+01,-6.77e+01)  <none>
           alfaFail_11    2.2831e+02    2.2803e+02 (+2.10e+02,-1.96e+02)  <none>
           betaFail_11    1.9978e-02    1.9981e-02 (+6.49e-03,-8.73e-03)  <none>
                   eff    7.1005e-01    7.1003e-01 (+1.53e-02,-1.57e-02)  <none>
          gammaFail_11    1.2619e-01    1.2602e-01 (+9.86e-02,-1.53e-01)  <none>
           meanFail_11    4.0666e-01    3.9953e-01         +/-  3.37e+00  <none>
           meanPass_11    2.4349e-01    2.4352e-01         +/-  2.55e+00  <none>
          sigmaFail_11    5.7246e-01    5.6604e-01         +/-  2.64e+00  <none>
          sigmaPass_11    4.7697e-01    4.7674e-01 (+3.59e-01,-2.93e+00)  <none>
              tPass_11   -5.8640e-07   -4.4851e-07 (+4.49e-07,-1.00e+00)  <none>


  Correlation Matrix
 --------------------
   1.0000   0.0000  -0.5831  -0.2435   0.6336   0.7205   0.0719  -0.0012   0.0008  -0.0170   0.0008  -0.0000
   0.0000   1.0000  -0.1913   0.0000   0.0000  -0.0965   0.0000   0.0000   0.0012   0.0000   0.0016  -0.0333
  -0.5831  -0.1913   1.0000   0.1811  -0.4712  -0.5153  -0.0535   0.0009  -0.0009   0.0126  -0.0009   0.0071
  -0.2435   0.0000   0.1811   1.0000  -0.4989  -0.2237   0.8769   0.0010   0.0000   0.0064   0.0000  -0.0000
   0.6336   0.0000  -0.4712  -0.4989   1.0000   0.5822  -0.0212  -0.0025   0.0012  -0.0158   0.0012  -0.0000
   0.7205  -0.0965  -0.5153  -0.2237   0.5822   1.0000   0.0661  -0.0011   0.0006  -0.0156   0.0006   0.0036
   0.0719   0.0000  -0.0535   0.8769  -0.0212   0.0661   1.0000   0.0000   0.0007  -0.0015   0.0007  -0.0000
  -0.0012   0.0000   0.0009   0.0010  -0.0025  -0.0011   0.0000   1.0000   0.0006   0.9960   0.0006  -0.0000
   0.0008   0.0012  -0.0009   0.0000   0.0012   0.0006   0.0007   0.0006   1.0000   0.0006   0.9997  -0.0000
  -0.0170   0.0000   0.0126   0.0064  -0.0158  -0.0156  -0.0015   0.9960   0.0006   1.0000   0.0006  -0.0000
   0.0008   0.0016  -0.0009   0.0000   0.0012   0.0006   0.0007   0.0006   0.9997   0.0006   1.0000   0.0001
  -0.0000  -0.0333   0.0071  -0.0000  -0.0000   0.0036  -0.0000  -0.0000  -0.0000  -0.0000   0.0001   1.0000
