
  RooFitResult: minimized FCN value: -4683.92, estimated distance to minimum: 0.000451555
                covariance matrix quality: Full matrix, but forced positive-definite
                Status : MINIMIZE=1 HESSE=1 MINOS=1 

    Constant Parameter    Value     
  --------------------  ------------
           peakFail_25    9.1188e+01

    Floating Parameter  InitialValue    FinalValue (+HiError,-LoError)    GblCorr.
  --------------------  ------------  ----------------------------------  --------
              NbkgFail    1.0000e-02    1.0090e-02 (+7.58e+00,-9.00e-05)  <none>
              NbkgPass    1.7142e+01    1.7139e+01         +/-  1.57e+01  <none>
                  Nsig    2.1498e+03    2.1498e+03 (+4.95e+01,-4.62e+01)  <none>
           alfaFail_25    2.2231e+02    2.1981e+02 (+3.02e+01,-2.15e+02)  <none>
           betaFail_25    2.2795e-02    2.4940e-02 (+9.98e+00,-2.49e-02)  <none>
                   eff    7.7906e-01    7.7906e-01 (+9.00e-03,-8.62e-03)  <none>
          gammaFail_25    1.4833e-01    1.7160e-01 (+8.28e-01,-1.72e-01)  <none>
           meanFail_25    2.5833e+00    2.5831e+00 (+5.26e-01,-5.34e-01)  <none>
           meanPass_25    1.6478e+00    1.6478e+00         +/-  9.72e-02  <none>
          sigmaFail_25    2.0485e+00    2.0484e+00 (+3.38e-01,-2.85e-01)  <none>
          sigmaPass_25    1.8602e+00    1.8601e+00         +/-  1.47e-01  <none>
              tPass_25   -3.6524e-08   -3.8163e-09 (+3.82e-09,-4.81e-03)  <none>


  Correlation Matrix
 --------------------
   1.0000   0.0000   0.0004   0.0460  -0.0444  -0.0008  -0.0217   0.0001  -0.0000   0.0001  -0.0000  -0.0000
   0.0000   1.0000  -0.2888   0.0000  -0.0000  -0.1589  -0.0000   0.0000  -0.0001   0.0000  -0.1355  -0.0036
   0.0004  -0.2888   1.0000   0.0004  -0.0004   0.0493  -0.0002   0.0000   0.0000   0.0000   0.0420   0.0011
   0.0460   0.0000   0.0004   1.0000  -0.9865  -0.0009  -0.5843   0.0065   0.0000  -0.0007  -0.0000  -0.0000
  -0.0444  -0.0000  -0.0004  -0.9865   1.0000   0.0008   0.6965  -0.0068  -0.0000   0.0008   0.0000   0.0000
  -0.0008  -0.1589   0.0493  -0.0009   0.0008   1.0000   0.0004  -0.0000   0.0000  -0.0000   0.0231   0.0006
  -0.0217  -0.0000  -0.0002  -0.5843   0.6965   0.0004   1.0000  -0.0029  -0.0000   0.0003   0.0000   0.0000
   0.0001   0.0000   0.0000   0.0065  -0.0068  -0.0000  -0.0029   1.0000  -0.0000   0.0742  -0.0000  -0.0000
  -0.0000  -0.0001   0.0000   0.0000  -0.0000   0.0000  -0.0000  -0.0000   1.0000  -0.0000   0.0450   0.0001
   0.0001   0.0000   0.0000  -0.0007   0.0008  -0.0000   0.0003   0.0742  -0.0000   1.0000  -0.0000  -0.0000
  -0.0000  -0.1355   0.0420  -0.0000   0.0000   0.0231   0.0000  -0.0000   0.0450  -0.0000   1.0000   0.0005
  -0.0000  -0.0036   0.0011  -0.0000   0.0000   0.0006   0.0000  -0.0000   0.0001  -0.0000   0.0005   1.0000
