
  RooFitResult: minimized FCN value: -1017.04, estimated distance to minimum: 2.455e-05
                covariance matrix quality: Full matrix, but forced positive-definite
                Status : MINIMIZE=1 HESSE=1 MINOS=1 

    Constant Parameter    Value     
  --------------------  ------------
            peakFail_9    9.1188e+01

    Floating Parameter  InitialValue    FinalValue (+HiError,-LoError)    GblCorr.
  --------------------  ------------  ----------------------------------  --------
              NbkgFail    1.5235e+02    1.5230e+02 (+3.52e+01,-4.62e+01)  <none>
              NbkgPass    2.5654e+01    2.5643e+01 (+1.32e+01,-1.19e+01)  <none>
                  Nsig    8.8500e+02    8.8504e+02 (+6.00e+01,-7.92e+01)  <none>
            alfaFail_9    2.1180e+02    2.1298e+02 (+3.70e+01,-2.08e+02)  <none>
            betaFail_9    1.9868e-02    1.9817e-02 (+1.89e-02,-1.98e-02)  <none>
                   eff    4.6931e-01    4.6931e-01 (+4.58e-02,-3.08e-02)  <none>
           gammaFail_9    1.2328e-01    1.2369e-01 (+8.47e-02,-1.13e-01)  <none>
            meanFail_9    1.7912e+00    1.7924e+00 (+6.84e-01,-7.10e-01)  <none>
            meanPass_9    1.6302e+00    1.6300e+00 (+3.69e-01,-3.75e-01)  <none>
           sigmaFail_9    1.7628e+00    1.7644e+00 (+1.77e+00,-1.32e+00)  <none>
           sigmaPass_9    8.9639e-01    8.9621e-01 (+5.87e-01,-1.07e+00)  <none>
               tPass_9   -6.5267e-02   -6.5302e-02 (+2.64e-02,-6.41e-02)  <none>


  Correlation Matrix
 --------------------
   1.0000  -0.0001  -0.6747  -0.2658   0.5213   0.6516   0.2967   0.1797  -0.0000  -0.4261   0.0000  -0.0000
  -0.0001   1.0000  -0.2302   0.0000  -0.0000  -0.2515  -0.0000  -0.0000   0.1874   0.0000  -0.1767   0.6080
  -0.6747  -0.2302   1.0000   0.2042  -0.4005  -0.4317  -0.2279  -0.1381  -0.0514   0.3274   0.0485  -0.1668
  -0.2658   0.0000   0.2042   1.0000  -0.5452  -0.1972   0.4402   0.0158   0.0000   0.0885  -0.0000   0.0000
   0.5213  -0.0000  -0.4005  -0.5452   1.0000   0.3868   0.5086  -0.0902  -0.0000  -0.1646   0.0000  -0.0000
   0.6516  -0.2515  -0.4317  -0.1972   0.3868   1.0000   0.2201   0.1333  -0.0561  -0.3162   0.0529  -0.1821
   0.2967  -0.0000  -0.2279   0.4402   0.5086   0.2201   1.0000  -0.0268   0.0000  -0.0965  -0.0000  -0.0000
   0.1797  -0.0000  -0.1381   0.0158  -0.0902   0.1333  -0.0268   1.0000  -0.0000  -0.2708  -0.0000  -0.0000
  -0.0000   0.1874  -0.0514   0.0000  -0.0000  -0.0561   0.0000  -0.0000   1.0000   0.0000  -0.9485   0.0713
  -0.4261   0.0000   0.3274   0.0885  -0.1646  -0.3162  -0.0965  -0.2708   0.0000   1.0000  -0.0000   0.0000
   0.0000  -0.1767   0.0485  -0.0000   0.0000   0.0529  -0.0000  -0.0000  -0.9485  -0.0000   1.0000  -0.0957
  -0.0000   0.6080  -0.1668   0.0000  -0.0000  -0.1821  -0.0000  -0.0000   0.0713   0.0000  -0.0957   1.0000
