
  RooFitResult: minimized FCN value: -63717.4, estimated distance to minimum: 0.00979304
                covariance matrix quality: Full, accurate covariance matrix
                Status : MINIMIZE=1 HESSE=1 MINOS=1 

    Constant Parameter    Value     
  --------------------  ------------
           peakFail_19    9.1188e+01

    Floating Parameter  InitialValue    FinalValue (+HiError,-LoError)    GblCorr.
  --------------------  ------------  ----------------------------------  --------
              NbkgFail    2.3146e+02    2.3146e+02 (+7.67e+01,-6.49e+01)  <none>
              NbkgPass    1.0209e-02    1.0043e-02 (+1.43e+01,-4.30e-05)  <none>
                  Nsig    1.4217e+04    1.4217e+04 (+1.38e+02,-1.40e+02)  <none>
           alfaFail_19    1.3392e+02    1.3392e+02 (+6.69e+01,-4.36e+01)  <none>
           betaFail_19    7.6039e-02    7.6039e-02 (+1.37e-02,-1.09e-02)  <none>
                   eff    8.0154e-01    8.0154e-01 (+5.36e-03,-5.01e-03)  <none>
          gammaFail_19    6.2363e-01    6.2363e-01 (+3.76e-01,-4.25e-01)  <none>
           meanFail_19    1.6337e-01    1.6337e-01 (+8.58e-02,-8.54e-02)  <none>
           meanPass_19    5.8895e-01    5.8895e-01 (+3.04e-02,-3.01e-02)  <none>
          sigmaFail_19    1.6419e+00    1.6419e+00 (+1.31e-01,-1.42e-01)  <none>
          sigmaPass_19    1.3031e+00    1.3031e+00         +/-  4.68e-02  <none>
              tPass_19   -8.6024e-06   -4.1405e-05 (+4.14e-05,-1.00e+00)  <none>


  Correlation Matrix
 --------------------
   1.0000  -0.0000  -0.5566  -0.5058   0.0105   0.7963  -0.5433   0.2995   0.0000  -0.5874   0.0000  -0.0000
  -0.0000   1.0000  -0.0050   0.0000  -0.0000  -0.0018   0.0000  -0.0000  -0.0007   0.0000  -0.0020   0.2355
  -0.5566  -0.0050   1.0000   0.2913  -0.0061  -0.4586   0.3128  -0.1725   0.0000   0.3383   0.0000  -0.0012
  -0.5058   0.0000   0.2913   1.0000  -0.3486  -0.4167   0.9878  -0.2348  -0.0000   0.3248  -0.0000   0.0000
   0.0105  -0.0000  -0.0061  -0.3486   1.0000   0.0087  -0.2000   0.2401   0.0000  -0.0845   0.0000  -0.0000
   0.7963  -0.0018  -0.4586  -0.4167   0.0087   1.0000  -0.4476   0.2468   0.0000  -0.4839   0.0000  -0.0004
  -0.5433   0.0000   0.3128   0.9878  -0.2000  -0.4476   1.0000  -0.2088  -0.0000   0.3364  -0.0000   0.0000
   0.2995  -0.0000  -0.1725  -0.2348   0.2401   0.2468  -0.2088   1.0000   0.0000  -0.2202   0.0000  -0.0000
   0.0000  -0.0007   0.0000  -0.0000   0.0000   0.0000  -0.0000   0.0000   1.0000  -0.0000   0.0298  -0.0003
  -0.5874   0.0000   0.3383   0.3248  -0.0845  -0.4839   0.3364  -0.2202  -0.0000   1.0000  -0.0000   0.0000
   0.0000  -0.0020   0.0000  -0.0000   0.0000   0.0000  -0.0000   0.0000   0.0298  -0.0000   1.0000  -0.0005
  -0.0000   0.2355  -0.0012   0.0000  -0.0000  -0.0004   0.0000  -0.0000  -0.0003   0.0000  -0.0005   1.0000
