
  RooFitResult: minimized FCN value: -28114.2, estimated distance to minimum: 5.94351e-06
                covariance matrix quality: Full matrix, but forced positive-definite
                Status : MINIMIZE=1 HESSE=1 MINOS=1 

    Constant Parameter    Value     
  --------------------  ------------
           peakFail_22    9.1188e+01

    Floating Parameter  InitialValue    FinalValue (+HiError,-LoError)    GblCorr.
  --------------------  ------------  ----------------------------------  --------
              NbkgFail    1.0001e-02    1.0007e-02 (+4.47e-04,-6.51e-06)  <none>
              NbkgPass    1.0140e-02    1.0001e-02 (+4.20e-03,-9.35e-07)  <none>
                  Nsig    7.7880e+03    7.7880e+03         +/-  9.80e-01  <none>
           alfaFail_22    2.0110e+02    2.0876e+02 (+4.12e+01,-9.85e+00)  <none>
           betaFail_22    2.3593e-02    2.5876e-02 (+2.14e-02,-2.59e-02)  <none>
                   eff    7.8210e-01    7.8210e-01         +/-  5.20e-05  <none>
          gammaFail_22    1.3027e-01    1.4687e-01 (+1.21e-02,-1.47e-01)  <none>
           meanFail_22    5.7059e-02    5.7053e-02         +/-  2.69e-03  <none>
           meanPass_22    9.0397e-01    9.0397e-01         +/-  7.31e-04  <none>
          sigmaFail_22    1.6104e+00    1.6104e+00 (+2.20e-01,-5.34e-02)  <none>
          sigmaPass_22    1.8267e+00    1.8266e+00         +/-  3.55e-03  <none>
              tPass_22   -2.8856e-05   -1.2181e-06 (+1.22e-06,-2.27e-03)  <none>


  Correlation Matrix
 --------------------
   1.0000   0.0000  -0.0000  -0.0000   0.0000   0.0000   0.0000  -0.0000   0.0000   0.0000   0.0000   0.0000
   0.0000   1.0000   0.0000   0.0000   0.0000   0.0000  -0.0000  -0.0000   0.0000   0.0000   0.0000   0.0006
  -0.0000   0.0000   1.0000   0.0000   0.0000  -0.0000  -0.0000  -0.0000   0.0000   0.0000   0.0000   0.0000
  -0.0000   0.0000   0.0000   1.0000   0.0000  -0.0000   0.0001  -0.0000   0.0000   0.0000   0.0000   0.0000
   0.0000   0.0000   0.0000   0.0000   1.0000   0.0000  -0.0000  -0.0001   0.6590   0.9990   0.9749   0.0693
   0.0000   0.0000  -0.0000  -0.0000   0.0000   1.0000   0.0000  -0.0000   0.0000   0.0000   0.0000   0.0000
   0.0000  -0.0000  -0.0000   0.0001  -0.0000   0.0000   1.0000   0.0000  -0.0000  -0.0000  -0.0000  -0.0000
  -0.0000  -0.0000  -0.0000  -0.0000  -0.0001  -0.0000   0.0000   1.0000  -0.0001  -0.0001  -0.0001  -0.0000
   0.0000   0.0000   0.0000   0.0000   0.6590   0.0000  -0.0000  -0.0001   1.0000   0.6583   0.6425   0.0457
   0.0000   0.0000   0.0000   0.0000   0.9990   0.0000  -0.0000  -0.0001   0.6583   1.0000   0.9739   0.0692
   0.0000   0.0000   0.0000   0.0000   0.9749   0.0000  -0.0000  -0.0001   0.6425   0.9739   1.0000   0.0676
   0.0000   0.0006   0.0000   0.0000   0.0693   0.0000  -0.0000  -0.0000   0.0457   0.0692   0.0676   1.0000
