
  RooFitResult: minimized FCN value: -62823.6, estimated distance to minimum: 1.74927e-05
                covariance matrix quality: Full matrix, but forced positive-definite
                Status : MINIMIZE=1 HESSE=1 MINOS=1 

    Constant Parameter    Value     
  --------------------  ------------
           peakFail_16    9.1188e+01

    Floating Parameter  InitialValue    FinalValue (+HiError,-LoError)    GblCorr.
  --------------------  ------------  ----------------------------------  --------
              NbkgFail    2.6873e+02    2.6872e+02 (+7.10e+01,-6.28e+01)  <none>
              NbkgPass    1.0034e-02    1.0000e-02 (+6.96e+00,-8.20e-08)  <none>
                  Nsig    1.4082e+04    1.4082e+04 (+1.35e+02,-1.36e+02)  <none>
           alfaFail_16    1.8393e+02    1.8394e+02         +/-  4.24e-01  <none>
           betaFail_16    6.1829e-02    6.1830e-02         +/-  1.25e-04  <none>
                   eff    7.8091e-01    7.8091e-01 (+5.13e-03,-4.91e-03)  <none>
          gammaFail_16    8.1433e-01    8.1441e-01         +/-  3.21e-03  <none>
           meanFail_16    4.3407e-01    4.3407e-01 (+8.23e-02,-8.28e-02)  <none>
           meanPass_16    4.9691e-01    4.9691e-01 (+3.04e-02,-3.04e-02)  <none>
          sigmaFail_16    1.7070e+00    1.7070e+00 (+1.26e-01,-1.28e-01)  <none>
          sigmaPass_16    1.2896e+00    1.2896e+00 (+4.73e-02,-4.76e-02)  <none>
              tPass_16   -6.0329e-01   -6.1135e-01 (+6.11e-01,-3.89e-01)  <none>


  Correlation Matrix
 --------------------
   1.0000   0.0000  -0.0146   0.0375   0.0374   0.0281  -0.0375   0.0113  -0.0000  -0.0131   0.0000  -0.0000
   0.0000   1.0000   0.0183   0.0000   0.0000   0.0099  -0.0000  -0.0000  -0.0176  -0.0000   0.0005  -0.9989
  -0.0146   0.0183   1.0000  -0.0031  -0.0031  -0.0022   0.0031  -0.0009  -0.0003   0.0011   0.0000  -0.0183
   0.0375   0.0000  -0.0031   1.0000  -0.0616   0.0060   0.0617  -0.0058  -0.0000  -0.0061   0.0000  -0.0000
   0.0374   0.0000  -0.0031  -0.0616   1.0000   0.0060   0.0615  -0.0050  -0.0000  -0.0063   0.0000  -0.0000
   0.0281   0.0099  -0.0022   0.0060   0.0060   1.0000  -0.0060   0.0018  -0.0002  -0.0021   0.0000  -0.0099
  -0.0375  -0.0000   0.0031   0.0617   0.0615  -0.0060   1.0000   0.0058   0.0000   0.0061  -0.0000   0.0000
   0.0113  -0.0000  -0.0009  -0.0058  -0.0050   0.0018   0.0058   1.0000  -0.0000  -0.0079   0.0000   0.0000
  -0.0000  -0.0176  -0.0003  -0.0000  -0.0000  -0.0002   0.0000  -0.0000   1.0000   0.0000   0.0046   0.0176
  -0.0131  -0.0000   0.0011  -0.0061  -0.0063  -0.0021   0.0061  -0.0079   0.0000   1.0000   0.0000   0.0000
   0.0000   0.0005   0.0000   0.0000   0.0000   0.0000  -0.0000   0.0000   0.0046   0.0000   1.0000  -0.0005
  -0.0000  -0.9989  -0.0183  -0.0000  -0.0000  -0.0099   0.0000   0.0000   0.0176   0.0000  -0.0005   1.0000
