
  RooFitResult: minimized FCN value: -28214.1, estimated distance to minimum: 7.54401
                covariance matrix quality: Not calculated at all
                Status : MINIMIZE=-1 HESSE=303 MINOS=-1 

    Constant Parameter    Value     
  --------------------  ------------
           peakFail_13    9.1188e+01

    Floating Parameter  InitialValue    FinalValue +/-  Error     GblCorr.
  --------------------  ------------  --------------------------  --------
              NbkgFail    4.4133e+02    4.4133e+02 +/-  3.56e-01  <none>
              NbkgPass    1.0237e-02    1.0237e-02 +/-  2.70e-02  <none>
                  Nsig    7.3496e+03    7.3496e+03 +/-  1.07e+00  <none>
           alfaFail_13    2.4837e+02    2.4837e+02 +/-  6.10e-02  <none>
           betaFail_13    1.7652e-02    1.7652e-02 +/-  1.78e-05  <none>
                   eff    8.1202e-01    8.1202e-01 +/-  2.92e-04  <none>
          gammaFail_13    1.0196e-01    1.0196e-01 +/-  2.00e-04  <none>
           meanFail_13    1.9174e+00    1.9174e+00 +/-  4.02e-04  <none>
           meanPass_13    1.1869e+00    1.1869e+00 +/-  1.26e-01  <none>
          sigmaFail_13    2.5344e-01    2.5344e-01 +/-  6.51e-04  <none>
          sigmaPass_13    1.8554e-01    1.8554e-01 +/-  2.88e+00  <none>
              tPass_13   -1.5835e-02   -1.1230e-02 +/-  1.09e-03  <none>


  Correlation Matrix
 --------------------
   0.0000   0.0000   0.0000   0.0000   0.0000   0.0000   0.0000   0.0000   0.0000   0.0000   0.0000   0.0000
   0.0000   0.0000   0.0000   0.0000   0.0000   0.0000   0.0000   0.0000   0.0000   0.0000   0.0000   0.0000
   0.0000   0.0000   0.0000   0.0000   0.0000   0.0000   0.0000   0.0000   0.0000   0.0000   0.0000   0.0000
   0.0000   0.0000   0.0000   0.0000   0.0000   0.0000   0.0000   0.0000   0.0000   0.0000   0.0000   0.0000
   0.0000   0.0000   0.0000   0.0000   0.0000   0.0000   0.0000   0.0000   0.0000   0.0000   0.0000   0.0000
   0.0000   0.0000   0.0000   0.0000   0.0000   0.0000   0.0000   0.0000   0.0000   0.0000   0.0000   0.0000
   0.0000   0.0000   0.0000   0.0000   0.0000   0.0000   0.0000   0.0000   0.0000   0.0000   0.0000   0.0000
   0.0000   0.0000   0.0000   0.0000   0.0000   0.0000   0.0000   0.0000   0.0000   0.0000   0.0000   0.0000
   0.0000   0.0000   0.0000   0.0000   0.0000   0.0000   0.0000   0.0000   0.0000   0.0000   0.0000   0.0000
   0.0000   0.0000   0.0000   0.0000   0.0000   0.0000   0.0000   0.0000   0.0000   0.0000   0.0000   0.0000
   0.0000   0.0000   0.0000   0.0000   0.0000   0.0000   0.0000   0.0000   0.0000   0.0000   0.0000   0.0000
   0.0000   0.0000   0.0000   0.0000   0.0000   0.0000   0.0000   0.0000   0.0000   0.0000   0.0000   0.0000
