
  RooFitResult: minimized FCN value: -11117.7, estimated distance to minimum: 2.8808e-06
                covariance matrix quality: Full matrix, but forced positive-definite
                Status : MINIMIZE=0 HESSE=0 MINOS=0 

    Constant Parameter    Value     
  --------------------  ------------
           peakFail_29    9.1188e+01

    Floating Parameter  InitialValue    FinalValue (+HiError,-LoError)    GblCorr.
  --------------------  ------------  ----------------------------------  --------
              NbkgFail    4.1326e+02    4.1329e+02 (+3.37e+01,-3.27e+01)  <none>
              NbkgPass    3.2159e+01    3.2161e+01 (+2.01e+01,-1.82e+01)  <none>
                  Nsig    3.4256e+03    3.4255e+03 (+6.71e+01,-6.64e+01)  <none>
           alfaFail_29    2.4465e+02    2.4466e+02 (+5.34e+00,-1.72e+02)  <none>
           betaFail_29    2.5250e-02    2.5264e-02 (+2.83e-03,-6.54e-03)  <none>
                   eff    8.5149e-01    8.5150e-01 (+8.92e-03,-9.00e-03)  <none>
          gammaFail_29    1.8662e-01    1.8685e-01 (+9.65e-02,-1.86e-01)  <none>
           meanFail_29    4.7439e-01    4.7419e-01 (+2.13e-01,-2.74e-01)  <none>
           meanPass_29    1.1056e+00    1.1056e+00 (+6.04e-02,-6.06e-02)  <none>
          sigmaFail_29    9.7724e-01    9.7692e-01         +/-  4.02e-01  <none>
          sigmaPass_29    1.1910e+00    1.1910e+00 (+8.34e-02,-7.85e-02)  <none>
              tPass_29   -5.2313e-08   -7.7928e-09 (+7.79e-09,-6.93e-03)  <none>


  Correlation Matrix
 --------------------
   1.0000  -0.0001  -0.2475  -0.1132   0.2577   0.4884   0.1207  -0.1912  -0.0000  -0.2620   0.0000  -0.0000
  -0.0001   1.0000  -0.2679   0.0001  -0.0001  -0.0922   0.0000   0.0000  -0.0067   0.0000  -0.0727  -0.0052
  -0.2475  -0.2679   1.0000   0.0520  -0.1184  -0.1973  -0.0554   0.0878   0.0020   0.1203   0.0213   0.0015
  -0.1132   0.0001   0.0520   1.0000  -0.4729  -0.1025   0.5958   0.0452   0.0000   0.0675  -0.0000   0.0000
   0.2577  -0.0001  -0.1184  -0.4729   1.0000   0.2336   0.4231  -0.1107  -0.0000  -0.1564   0.0000  -0.0000
   0.4884  -0.0922  -0.1973  -0.1025   0.2336   1.0000   0.1095  -0.1733   0.0007  -0.2375   0.0073   0.0005
   0.1207   0.0000  -0.0554   0.5958   0.4231   0.1095   1.0000  -0.0498   0.0000  -0.0738   0.0000   0.0000
  -0.1912   0.0000   0.0878   0.0452  -0.1107  -0.1733  -0.0498   1.0000   0.0000   0.8062  -0.0000  -0.0000
  -0.0000  -0.0067   0.0020   0.0000  -0.0000   0.0007   0.0000   0.0000   1.0000   0.0000   0.0230   0.0003
  -0.2620   0.0000   0.1203   0.0675  -0.1564  -0.2375  -0.0738   0.8062   0.0000   1.0000  -0.0000  -0.0000
   0.0000  -0.0727   0.0213  -0.0000   0.0000   0.0073   0.0000  -0.0000   0.0230  -0.0000   1.0000   0.0004
  -0.0000  -0.0052   0.0015   0.0000  -0.0000   0.0005   0.0000  -0.0000   0.0003  -0.0000   0.0004   1.0000
