
  RooFitResult: minimized FCN value: -14038.3, estimated distance to minimum: 0.000108513
                covariance matrix quality: Full, accurate covariance matrix
                Status : MINIMIZE=1 HESSE=1 MINOS=1 

    Constant Parameter    Value     
  --------------------  ------------
           peakFail_23    9.1188e+01

    Floating Parameter  InitialValue    FinalValue (+HiError,-LoError)    GblCorr.
  --------------------  ------------  ----------------------------------  --------
              NbkgFail    1.0135e-02    1.0051e-02 (+2.99e+00,-5.10e-05)  <none>
              NbkgPass    1.8023e+01    1.8031e+01 (+1.91e+01,-1.76e+01)  <none>
                  Nsig    4.5350e+03    4.5350e+03 (+7.00e+01,-6.94e+01)  <none>
           alfaFail_23    2.4096e+02    2.3904e+02 (+1.10e+01,-2.34e+02)  <none>
           betaFail_23    2.4887e-02    2.6517e-02 (+9.97e+00,-2.65e-02)  <none>
                   eff    7.7662e-01    7.7662e-01 (+6.20e-03,-6.29e-03)  <none>
          gammaFail_23    1.7849e-01    2.0271e-01 (+7.58e-01,-2.03e-01)  <none>
           meanFail_23    4.2806e-01    4.2808e-01 (+2.27e-01,-2.20e-01)  <none>
           meanPass_23    7.3671e-01    7.3673e-01 (+7.42e-02,-7.73e-02)  <none>
          sigmaFail_23    1.3084e+00    1.3085e+00 (+2.31e-01,-2.75e-01)  <none>
          sigmaPass_23    1.0278e+00    1.0278e+00 (+1.23e-01,-1.32e-01)  <none>
              tPass_23   -5.2129e-08   -1.5563e-08 (+1.56e-08,-1.31e-02)  <none>


  Correlation Matrix
 --------------------
   1.0000   0.0000   0.0003   0.0018   0.0245  -0.0005   0.0277   0.0001   0.0000   0.0001   0.0000   0.0000
   0.0000   1.0000  -0.2494  -0.0000   0.0000  -0.1369  -0.0000   0.0000  -0.0644   0.0000  -0.1124  -0.0063
   0.0003  -0.2494   1.0000   0.0000   0.0002   0.0361   0.0002   0.0000   0.0170   0.0000   0.0296   0.0017
   0.0018  -0.0000   0.0000   1.0000  -0.4985  -0.0000   0.3351   0.0001  -0.0000   0.0000  -0.0000   0.0000
   0.0245   0.0000   0.0002  -0.4985   1.0000  -0.0003   0.6309   0.0000   0.0000   0.0002   0.0000  -0.0000
  -0.0005  -0.1369   0.0361  -0.0000  -0.0003   1.0000  -0.0003  -0.0000   0.0093  -0.0000   0.0163   0.0009
   0.0277  -0.0000   0.0002   0.3351   0.6309  -0.0003   1.0000   0.0005   0.0000   0.0003   0.0000   0.0000
   0.0001   0.0000   0.0000   0.0001   0.0000  -0.0000   0.0005   1.0000   0.0000   0.3680   0.0000  -0.0000
   0.0000  -0.0644   0.0170  -0.0000   0.0000   0.0093   0.0000   0.0000   1.0000  -0.0000   0.4252   0.0009
   0.0001   0.0000   0.0000   0.0000   0.0002  -0.0000   0.0003   0.3680  -0.0000   1.0000  -0.0000  -0.0000
   0.0000  -0.1124   0.0296  -0.0000   0.0000   0.0163   0.0000   0.0000   0.4252  -0.0000   1.0000   0.0007
   0.0000  -0.0063   0.0017   0.0000  -0.0000   0.0009   0.0000  -0.0000   0.0009  -0.0000   0.0007   1.0000
