
  RooFitResult: minimized FCN value: -4677.96, estimated distance to minimum: 0.000286839
                covariance matrix quality: Full matrix, but forced positive-definite
                Status : MINIMIZE=0 HESSE=0 MINOS=0 

    Constant Parameter    Value     
  --------------------  ------------
           peakFail_34    9.1188e+01

    Floating Parameter  InitialValue    FinalValue (+HiError,-LoError)    GblCorr.
  --------------------  ------------  ----------------------------------  --------
              NbkgFail    1.0099e-02    1.0070e-02 (+5.78e+00,-7.24e+00)  <none>
              NbkgPass    1.0835e+01    1.0836e+01 (+1.58e+01,-1.08e+01)  <none>
                  Nsig    2.1332e+03    2.1332e+03 (+4.87e+01,-4.81e+01)  <none>
           alfaFail_34    2.3984e+02    2.3501e+02 (+1.50e+01,-2.30e+02)  <none>
           betaFail_34    2.1159e-02    2.1011e-02 (+9.98e+00,-2.10e-02)  <none>
                   eff    7.9514e-01    7.9514e-01 (+8.75e-03,-8.94e-03)  <none>
          gammaFail_34    1.2307e-01    1.2155e-01 (+8.78e-01,-1.22e-01)  <none>
           meanFail_34   -2.7059e-01   -2.7060e-01 (+3.70e-01,-4.82e-01)  <none>
           meanPass_34    1.5781e+00    1.5781e+00 (+1.04e-01,-1.03e-01)  <none>
          sigmaFail_34    2.2215e+00    2.2215e+00 (+4.85e-01,-4.38e-01)  <none>
          sigmaPass_34    1.9455e+00    1.9455e+00 (+1.47e-01,-1.49e-01)  <none>
              tPass_34   -6.6142e-08   -3.6487e-08 (+3.65e-08,-1.25e-02)  <none>


  Correlation Matrix
 --------------------
   1.0000  -0.0000  -0.0012  -0.0207   0.0209   0.0024  -0.0146  -0.0002  -0.0000  -0.0006  -0.0000  -0.0000
  -0.0000   1.0000  -0.2681   0.0001  -0.0001  -0.1401   0.0001  -0.0000  -0.0093  -0.0000  -0.0995  -0.0000
  -0.0012  -0.2681   1.0000   0.0001  -0.0001   0.0397   0.0001   0.0000   0.0026   0.0000   0.0282   0.0000
  -0.0207   0.0001   0.0001   1.0000  -0.9741  -0.0002   0.8549  -0.0022   0.0000  -0.0001   0.0000   0.0001
   0.0209  -0.0001  -0.0001  -0.9741   1.0000   0.0002  -0.7251   0.0020  -0.0000   0.0001  -0.0000  -0.0001
   0.0024  -0.1401   0.0397  -0.0002   0.0002   1.0000  -0.0002  -0.0000   0.0014  -0.0000   0.0147   0.0000
  -0.0146   0.0001   0.0001   0.8549  -0.7251  -0.0002   1.0000  -0.0011   0.0000  -0.0001   0.0000   0.0001
  -0.0002  -0.0000   0.0000  -0.0022   0.0020  -0.0000  -0.0011   1.0000  -0.0000   0.1335  -0.0000  -0.0000
  -0.0000  -0.0093   0.0026   0.0000  -0.0000   0.0014   0.0000  -0.0000   1.0000  -0.0000   0.1015   0.0000
  -0.0006  -0.0000   0.0000  -0.0001   0.0001  -0.0000  -0.0001   0.1335  -0.0000   1.0000  -0.0000  -0.0000
  -0.0000  -0.0995   0.0282   0.0000  -0.0000   0.0147   0.0000  -0.0000   0.1015  -0.0000   1.0000   0.0000
  -0.0000  -0.0000   0.0000   0.0001  -0.0001   0.0000   0.0001  -0.0000   0.0000  -0.0000   0.0000   1.0000
