
  RooFitResult: minimized FCN value: -62828.2, estimated distance to minimum: 0.000782773
                covariance matrix quality: Full, accurate covariance matrix
                Status : MINIMIZE=-1 HESSE=4 MINOS=4 

    Floating Parameter  InitialValue    FinalValue +/-  Error     GblCorr.
  --------------------  ------------  --------------------------  --------
              NbkgFail    3.7261e+02    3.7261e+02 +/-  3.26e+01  <none>
              NbkgPass    1.9168e+01    1.9117e+01 +/-  3.20e+01  <none>
                  Nsig    1.2745e+04    1.2744e+04 +/-  1.21e+02  <none>
             a0Fail_21   -5.4429e+01   -5.4477e+01 +/-  6.89e+01  <none>
             a0Pass_21   -9.6780e+00   -9.6780e+00 +/-  1.32e-05  <none>
             a1Fail_21    6.6702e+00    6.6589e+00 +/-  6.80e-01  <none>
             a1Pass_21    2.5971e+00    2.5971e+00 +/-  3.40e-08  <none>
             a2Fail_21   -4.3249e-02   -4.3164e-02 +/-  4.62e-03  <none>
             a2Pass_21   -2.0970e-02   -2.0970e-02 +/-  2.81e-10  <none>
                   eff    9.9673e-01    9.9671e-01 +/-  2.15e-03  <none>
           meanFail_21   -9.9989e+00   -1.0000e+01 +/-  1.32e+01  <none>
           meanPass_21    3.4051e-01    3.4049e-01 +/-  2.77e-02  <none>
          sigmaFail_21    5.0000e+00    5.0000e+00 +/-  4.59e+00  <none>
          sigmaPass_21    5.6783e-01    5.6788e-01 +/-  7.37e-02  <none>


  Correlation Matrix
 --------------------
   1.0000   0.0004  -0.1548  -0.0228  -0.0000  -0.0093  -0.0000   0.0064   0.0000   0.6875   0.0413   0.0000   0.0500  -0.0000
   0.0004   1.0000  -0.2763  -0.0000  -0.0000  -0.0000  -0.0000   0.0000   0.0000  -0.0034   0.0000   0.0309   0.0000  -0.0796
  -0.1548  -0.2763   1.0000   0.0070   0.0000   0.0029   0.0000  -0.0020  -0.0000  -0.2112  -0.0128  -0.0087  -0.0155   0.0224
  -0.0228  -0.0000   0.0070   1.0000  -0.0000  -0.0415  -0.0000  -0.1061  -0.0000  -0.0313  -0.0012  -0.0000   0.0025   0.0000
  -0.0000  -0.0000   0.0000  -0.0000   1.0000  -0.0000   0.0000   0.0000   0.0000   0.0000  -0.0000  -0.0000  -0.0000   0.0000
  -0.0093  -0.0000   0.0029  -0.0415  -0.0000   1.0000  -0.0000  -0.8607  -0.0000  -0.0128  -0.0102  -0.0000   0.0052   0.0000
  -0.0000  -0.0000   0.0000  -0.0000   0.0000  -0.0000   1.0000   0.0000   0.0000  -0.0000   0.0000  -0.0000  -0.0000   0.0000
   0.0064   0.0000  -0.0020  -0.1061   0.0000  -0.8607   0.0000   1.0000   0.0000   0.0088  -0.0110   0.0000   0.0060  -0.0000
   0.0000   0.0000  -0.0000  -0.0000   0.0000  -0.0000   0.0000   0.0000   1.0000   0.0000   0.0000  -0.0000   0.0000   0.0000
   0.6875  -0.0034  -0.2112  -0.0313   0.0000  -0.0128  -0.0000   0.0088   0.0000   1.0000   0.0566  -0.0001   0.0685   0.0003
   0.0413   0.0000  -0.0128  -0.0012  -0.0000  -0.0102   0.0000  -0.0110   0.0000   0.0566   1.0000   0.0000   0.0020  -0.0000
   0.0000   0.0309  -0.0087  -0.0000  -0.0000  -0.0000  -0.0000   0.0000  -0.0000  -0.0001   0.0000   1.0000   0.0000   0.2495
   0.0500   0.0000  -0.0155   0.0025  -0.0000   0.0052  -0.0000   0.0060   0.0000   0.0685   0.0020   0.0000   1.0000  -0.0000
  -0.0000  -0.0796   0.0224   0.0000   0.0000   0.0000   0.0000  -0.0000   0.0000   0.0003  -0.0000   0.2495  -0.0000   1.0000
