
  RooFitResult: minimized FCN value: -11238.7, estimated distance to minimum: 0.172855
                covariance matrix quality: Full matrix, but forced positive-definite
                Status : MINIMIZE=0 HESSE=0 MINOS=0 

    Floating Parameter  InitialValue    FinalValue (+HiError,-LoError)    GblCorr.
  --------------------  ------------  ----------------------------------  --------
              NbkgFail    1.6110e+02    1.6110e+02 (+1.35e+01,-2.52e-04)  <none>
              NbkgPass    1.3183e+02    1.3183e+02 (+2.92e+01,-4.52e+01)  <none>
                  Nsig    3.2371e+03    3.2371e+03 (+7.12e+01,-6.33e+01)  <none>
             a0Fail_25   -6.6166e+01   -6.6166e+01         +/-  6.19e+01  <none>
             a0Pass_25   -9.5580e-03   -9.5580e-03         +/-  3.97e-01  <none>
             a1Fail_25    1.6411e+00    1.6411e+00         +/-  6.01e-01  <none>
             a1Pass_25   -3.6135e-03   -3.6135e-03         +/-  3.74e-03  <none>
             a2Fail_25   -7.5014e-03   -7.5014e-03         +/-  2.95e-03  <none>
             a2Pass_25    6.3368e-05    6.3368e-05         +/-  9.74e-05  <none>
                   eff    9.9232e-01    9.9232e-01         +/-  3.88e-03  <none>
           meanFail_25   -9.5803e-01   -9.5803e-01         +/-  1.26e+00  <none>
           meanPass_25    4.7075e-01    4.7075e-01 (+8.89e-02,-6.94e-02)  <none>
          sigmaFail_25    2.2167e-01    2.2167e-01 (+4.82e+00,-2.22e-01)  <none>
          sigmaPass_25    5.7218e-01    5.7218e-01 (+1.52e-01,-1.43e-01)  <none>


  Correlation Matrix
 --------------------
   1.0000   0.0008  -0.0018   0.0015  -0.0029  -0.0015   0.0008   0.0008   0.0028   0.0071  -0.0013   0.0001  -0.0014  -0.0002
   0.0008   1.0000  -0.3714  -0.0017  -0.2846   0.0016   0.1380  -0.0012   0.2527  -0.0153   0.0007  -0.0343   0.0007  -0.0635
  -0.0018  -0.3714   1.0000  -0.0003   0.1257   0.0004  -0.0614   0.0131  -0.1114  -0.1606  -0.0030   0.0153   0.0002   0.0282
   0.0015  -0.0017  -0.0003   1.0000   0.0054  -0.9876   0.0030   0.9061  -0.0082   0.0046   0.0021  -0.0004   0.0006   0.0003
  -0.0029  -0.2846   0.1257   0.0054   1.0000  -0.0052  -0.4979   0.0041  -0.8219   0.0058  -0.0028  -0.0617  -0.0027   0.0793
  -0.0015   0.0016   0.0004  -0.9876  -0.0052   1.0000  -0.0030  -0.9209   0.0079  -0.0049  -0.0006   0.0003  -0.0015  -0.0002
   0.0008   0.1380  -0.0614   0.0030  -0.4979  -0.0030   1.0000   0.0027  -0.0794  -0.0024   0.0004   0.0278   0.0004  -0.0447
   0.0008  -0.0012   0.0131   0.9061   0.0041  -0.9209   0.0027   1.0000  -0.0065  -0.0639  -0.0019  -0.0003   0.0023   0.0002
   0.0028   0.2527  -0.1114  -0.0082  -0.8219   0.0079  -0.0794  -0.0065   1.0000  -0.0054   0.0029   0.0610   0.0029  -0.0557
   0.0071  -0.0153  -0.1606   0.0046   0.0058  -0.0049  -0.0024  -0.0639  -0.0054   1.0000   0.0132   0.0006  -0.0026   0.0012
  -0.0013   0.0007  -0.0030   0.0021  -0.0028  -0.0006   0.0004  -0.0019   0.0029   0.0132   1.0000   0.0003   0.9863  -0.0002
   0.0001  -0.0343   0.0153  -0.0004  -0.0617   0.0003   0.0278  -0.0003   0.0610   0.0006   0.0003   1.0000   0.0003   0.1263
  -0.0014   0.0007   0.0002   0.0006  -0.0027  -0.0015   0.0004   0.0023   0.0029  -0.0026   0.9863   0.0003   1.0000  -0.0002
  -0.0002  -0.0635   0.0282   0.0003   0.0793  -0.0002  -0.0447   0.0002  -0.0557   0.0012  -0.0002   0.1263  -0.0002   1.0000
