
  RooFitResult: minimized FCN value: -52061.3, estimated distance to minimum: 1.29684e+10
                covariance matrix quality: Full matrix, but forced positive-definite
                Status : MINIMIZE=-1 HESSE=4 MINOS=4 

    Floating Parameter  InitialValue    FinalValue +/-  Error     GblCorr.
  --------------------  ------------  --------------------------  --------
              NbkgFail    4.5720e+02    4.5720e+02 +/-  5.99e-10  <none>
              NbkgPass    4.1805e+01    4.1805e+01 +/-  5.35e-06  <none>
                  Nsig    1.0855e+04    1.0855e+04 +/-  6.49e-05  <none>
             a0Fail_20   -7.9787e+01   -7.9787e+01 +/-  3.82e-09  <none>
             a0Pass_20   -5.5254e-03   -5.5254e-03 +/-  1.79e-06  <none>
             a1Fail_20    2.4246e+00    2.4246e+00 +/-  1.07e-10  <none>
             a1Pass_20    1.3058e-04    1.3058e-04 +/-  1.85e+00  <none>
             a2Fail_20   -1.3498e-02   -1.3498e-02 +/-  6.75e-08  <none>
             a2Pass_20   -6.4151e-07   -6.4151e-07 +/-  8.88e-16  <none>
                   eff    9.8949e-01    9.8949e-01 +/-  8.15e-10  <none>
           meanFail_20    3.4130e-02    3.4130e-02 +/-  7.99e-08  <none>
           meanPass_20    3.4278e-01    3.4278e-01 +/-  7.98e-08  <none>
          sigmaFail_20    1.4484e-01    1.4484e-01 +/-  6.70e-09  <none>
          sigmaPass_20    5.8001e-01    5.8001e-01 +/-  1.28e-08  <none>


  Correlation Matrix
 --------------------
   1.0000  -0.0000   0.0000   0.0000   0.0000  -0.0000   0.0000  -0.0000   0.0000   0.0000   0.0000   0.0000  -0.0000   0.0000
  -0.0000   1.0000  -0.0000  -0.0000  -0.0187   0.0000  -0.0187   0.0000  -0.0000  -0.0000  -0.0000  -0.0002  -0.0000  -0.0000
   0.0000  -0.0000   1.0000   0.0000   0.0015  -0.0000   0.0015   0.0000   0.0000   0.0000   0.0000   0.0000   0.0000   0.0000
   0.0000  -0.0000   0.0000   1.0000   0.0000  -0.0000   0.0000  -0.0000   0.0000   0.0000   0.0000   0.0000   0.0000   0.0000
   0.0000  -0.0187   0.0015   0.0000   1.0000  -0.0001   0.9990   0.0000   0.0015   0.0001   0.0000   0.0124   0.0000   0.0010
  -0.0000   0.0000  -0.0000  -0.0000  -0.0001   1.0000  -0.0001  -0.0000  -0.0000  -0.0000  -0.0000  -0.0000   0.0000  -0.0000
   0.0000  -0.0187   0.0015   0.0000   0.9990  -0.0001   1.0000   0.0000   0.0015   0.0001   0.0000   0.0124   0.0000   0.0010
  -0.0000   0.0000   0.0000  -0.0000   0.0000  -0.0000   0.0000   1.0000   0.0000  -0.0000  -0.0000   0.0000   0.0000   0.0000
   0.0000  -0.0000   0.0000   0.0000   0.0015  -0.0000   0.0015   0.0000   1.0000   0.0000   0.0000   0.0000   0.0000   0.0000
   0.0000  -0.0000   0.0000   0.0000   0.0001  -0.0000   0.0001  -0.0000   0.0000   1.0000   0.0000   0.0000  -0.0000   0.0000
   0.0000  -0.0000   0.0000   0.0000   0.0000  -0.0000   0.0000  -0.0000   0.0000   0.0000   1.0000   0.0000   0.0000   0.0000
   0.0000  -0.0002   0.0000   0.0000   0.0124  -0.0000   0.0124   0.0000   0.0000   0.0000   0.0000   1.0000   0.0000   0.0000
  -0.0000  -0.0000   0.0000   0.0000   0.0000   0.0000   0.0000   0.0000   0.0000  -0.0000   0.0000   0.0000   1.0000   0.0000
   0.0000  -0.0000   0.0000   0.0000   0.0010  -0.0000   0.0010   0.0000   0.0000   0.0000   0.0000   0.0000   0.0000   1.0000
