
  RooFitResult: minimized FCN value: -24195.8, estimated distance to minimum: 0.647658
                covariance matrix quality: Full matrix, but forced positive-definite
                Status : MINIMIZE=0 HESSE=0 MINOS=0 

    Floating Parameter  InitialValue    FinalValue (+HiError,-LoError)    GblCorr.
  --------------------  ------------  ----------------------------------  --------
              NbkgFail    2.1600e+02    2.1600e+02         +/-  3.09e+00  <none>
              NbkgPass    2.4236e-01    2.4236e-01 (+1.69e+01,-2.32e-01)  <none>
                  Nsig    5.9908e+03    5.9908e+03         +/-  7.77e+01  <none>
             a0Fail_12   -7.3879e+01   -7.3879e+01         +/-  8.55e+01  <none>
             a0Pass_12   -2.8646e-04   -2.8654e-04         +/-  4.00e-09  <none>
             a1Fail_12    8.4613e+00    8.4613e+00         +/-  2.08e+01  <none>
             a1Pass_12    6.7168e-05    6.7168e-05         +/-  9.44e-12  <none>
             a2Fail_12   -4.7876e-02   -4.7876e-02         +/-  1.19e-01  <none>
             a2Pass_12   -5.3984e-07   -5.3984e-07         +/-  1.58e-13  <none>
                   eff    9.9051e-01    9.9051e-01         +/-  2.13e-03  <none>
           meanFail_12    5.2996e-01    5.2996e-01         +/-  1.46e+01  <none>
           meanPass_12    4.3462e-01    4.3462e-01         +/-  4.71e-02  <none>
          sigmaFail_12    2.0763e-01    2.0763e-01         +/-  4.24e+00  <none>
          sigmaPass_12    8.7396e-01    8.7396e-01         +/-  1.21e-01  <none>


  Correlation Matrix
 --------------------
   1.0000   0.0000  -0.0002  -0.0000  -0.0000  -0.0002  -0.0000   0.0002   0.0000   0.0012  -0.0000   0.0000  -0.0000   0.0000
   0.0000   1.0000  -0.0491   0.0000  -0.0000   0.0000  -0.0000  -0.0000  -0.0000  -0.0029   0.0000   0.0146   0.0000  -0.0119
  -0.0002  -0.0491   1.0000   0.0016   0.0000   0.0221   0.0000  -0.0220   0.0000  -0.1082   0.0000  -0.0007   0.0001   0.0006
  -0.0000   0.0000   0.0016   1.0000  -0.0000   0.0602   0.0000  -0.0600  -0.0000  -0.0100  -0.0000   0.0000   0.0000  -0.0000
  -0.0000  -0.0000   0.0000  -0.0000   1.0000  -0.0000   0.0000   0.0000   0.0000   0.0000   0.0000  -0.0000  -0.0000   0.0000
  -0.0002   0.0000   0.0221   0.0602  -0.0000   1.0000   0.0000  -0.9980  -0.0000  -0.1341  -0.0001   0.0000   0.0006  -0.0002
  -0.0000  -0.0000   0.0000   0.0000   0.0000   0.0000   1.0000  -0.0000   0.0000   0.0000   0.0000   0.0000   0.0000   0.0000
   0.0002  -0.0000  -0.0220  -0.0600   0.0000  -0.9980  -0.0000   1.0000   0.0000   0.1335   0.0001  -0.0000  -0.0006   0.0002
   0.0000  -0.0000   0.0000  -0.0000   0.0000  -0.0000   0.0000   0.0000   1.0000   0.0000  -0.0000  -0.0000   0.0000   0.0000
   0.0012  -0.0029  -0.1082  -0.0100   0.0000  -0.1341   0.0000   0.1335   0.0000   1.0000  -0.0004  -0.0000  -0.0006   0.0001
  -0.0000   0.0000   0.0000  -0.0000   0.0000  -0.0001   0.0000   0.0001  -0.0000  -0.0004   1.0000  -0.0000  -0.2568   0.0000
   0.0000   0.0146  -0.0007   0.0000  -0.0000   0.0000   0.0000  -0.0000  -0.0000  -0.0000  -0.0000   1.0000  -0.0000  -0.0064
  -0.0000   0.0000   0.0001   0.0000  -0.0000   0.0006   0.0000  -0.0006   0.0000  -0.0006  -0.2568  -0.0000   1.0000   0.0000
   0.0000  -0.0119   0.0006  -0.0000   0.0000  -0.0002   0.0000   0.0002   0.0000   0.0001   0.0000  -0.0064   0.0000   1.0000
