
  RooFitResult: minimized FCN value: -24022.6, estimated distance to minimum: 0.00111968
                covariance matrix quality: Full, accurate covariance matrix
                Status : MINIMIZE=0 HESSE=0 MINOS=0 

    Floating Parameter  InitialValue    FinalValue +/-  Error     GblCorr.
  --------------------  ------------  --------------------------  --------
              NbkgFail    1.7460e+02    1.7460e+02 +/-  1.70e+00  <none>
              NbkgPass    1.0253e-02    1.0100e-02 +/-  1.96e+00  <none>
                  Nsig    5.9783e+03    5.9783e+03 +/-  4.64e+01  <none>
             a0Fail_23   -4.7516e+01   -4.7516e+01 +/-  4.69e+00  <none>
             a0Pass_23   -4.1592e-03    9.1382e+00 +/-  1.45e+01  <none>
             a1Fail_23    1.4882e+00    1.4882e+00 +/-  2.70e-02  <none>
             a1Pass_23    8.6080e-05    2.3864e-04 +/-  1.02e+01  <none>
             a2Fail_23   -8.5544e-03   -8.5543e-03 +/-  1.86e-04  <none>
             a2Pass_23    2.9248e-03    1.9455e-03 +/-  3.93e-04  <none>
                   eff    9.9377e-01    9.9377e-01 +/-  1.39e-03  <none>
           meanFail_23    9.2703e-01    9.0801e-01 +/-  1.12e+01  <none>
           meanPass_23    3.7113e-01    3.7113e-01 +/-  2.97e-02  <none>
          sigmaFail_23    1.0300e-01    1.0293e-01 +/-  4.85e+00  <none>
          sigmaPass_23    1.2380e+00    1.2380e+00 +/-  6.14e-02  <none>


  Correlation Matrix
 --------------------
   1.0000  -0.0000  -0.0004   0.0014   0.0000  -0.0003   0.0000  -0.0006  -0.0000   0.0048  -0.0035  -0.0000   0.0035   0.0000
  -0.0000   1.0000  -0.0003  -0.0000   0.0020   0.0000   0.0073   0.0000  -0.0000  -0.0000   0.0000  -0.0001  -0.0000  -0.0001
  -0.0004  -0.0003   1.0000  -0.0170  -0.0000   0.0033  -0.0000   0.0080   0.0000  -0.0585   0.0433   0.0000  -0.0434  -0.0000
   0.0014  -0.0000  -0.0170   1.0000   0.0001  -0.2423   0.0000  -0.2597  -0.0000   0.1829  -0.4364  -0.0000   0.4371   0.0000
   0.0000   0.0020  -0.0000   0.0001   1.0000  -0.0000   0.4152  -0.0001  -0.0000   0.0001  -0.0002  -0.0025   0.0002   0.0003
  -0.0003   0.0000   0.0033  -0.2423  -0.0000   1.0000  -0.0000  -0.2673   0.0000  -0.0351   0.0915   0.0000  -0.0916  -0.0000
   0.0000   0.0073  -0.0000   0.0000   0.4152  -0.0000   1.0000  -0.0000  -0.0001   0.0000  -0.0001  -0.0008   0.0001   0.0001
  -0.0006   0.0000   0.0080  -0.2597  -0.0001  -0.2673  -0.0000   1.0000   0.0000  -0.0857   0.2136   0.0000  -0.2140  -0.0000
  -0.0000  -0.0000   0.0000  -0.0000  -0.0000   0.0000  -0.0001   0.0000   1.0000  -0.0000   0.0000  -0.0000  -0.0000   0.0000
   0.0048  -0.0000  -0.0585   0.1829   0.0001  -0.0351   0.0000  -0.0857  -0.0000   1.0000  -0.4669  -0.0000   0.4674   0.0000
  -0.0035   0.0000   0.0433  -0.4364  -0.0002   0.0915  -0.0001   0.2136   0.0000  -0.4669   1.0000   0.0000  -0.9986  -0.0000
  -0.0000  -0.0001   0.0000  -0.0000  -0.0025   0.0000  -0.0008   0.0000  -0.0000  -0.0000   0.0000   1.0000  -0.0000  -0.0081
   0.0035  -0.0000  -0.0434   0.4371   0.0002  -0.0916   0.0001  -0.2140  -0.0000   0.4674  -0.9986  -0.0000   1.0000   0.0000
   0.0000  -0.0001  -0.0000   0.0000   0.0003  -0.0000   0.0001  -0.0000   0.0000   0.0000  -0.0000  -0.0081   0.0000   1.0000
