
  RooFitResult: minimized FCN value: -57738.7, estimated distance to minimum: 6860.83
                covariance matrix quality: Full matrix, but forced positive-definite
                Status : MINIMIZE=-1 HESSE=4 MINOS=4 

    Floating Parameter  InitialValue    FinalValue +/-  Error     GblCorr.
  --------------------  ------------  --------------------------  --------
              NbkgFail    5.6247e+02    4.5987e+02 +/-  2.52e+01  <none>
              NbkgPass    9.9306e+01    2.2820e+01 +/-  3.56e+02  <none>
                  Nsig    1.1593e+04    1.1927e+04 +/-  1.88e+02  <none>
             a0Fail_17   -4.9652e+01   -4.9642e+01 +/-  4.30e+01  <none>
             a0Pass_17   -1.3134e-03   -1.3092e-03 +/-  1.42e-03  <none>
             a1Fail_17    2.6199e+01    2.7439e+01 +/-  4.70e+00  <none>
             a1Pass_17    3.0874e-05    3.0874e-05 +/-  5.25e-05  <none>
             a2Fail_17   -1.2338e-01   -1.2335e-01 +/-  2.78e-02  <none>
             a2Pass_17   -1.4970e-07   -1.4970e-07 +/-  1.30e-06  <none>
                   eff    9.6103e-01    9.5974e-01 +/-  2.14e-03  <none>
           meanFail_17    5.9848e-01    4.6016e-01 +/-  1.36e-01  <none>
           meanPass_17    2.6581e-02    2.7982e-02 +/-  5.09e-03  <none>
          sigmaFail_17    7.8990e-03    1.8746e-02 +/-  1.60e-04  <none>
          sigmaPass_17    1.3100e-01    1.1881e-01 +/-  1.10e-02  <none>


  Correlation Matrix
 --------------------
   1.0000  -0.0054  -0.0396  -0.0060  -0.0049  -0.0063  -0.0052  -0.0203   0.0053   0.3262   0.0528  -0.0009   0.0000   0.0011
  -0.0054   1.0000  -0.8402   0.0002   0.9129   0.0001   0.9635   0.0003  -0.9903  -0.2639  -0.0009   0.1675  -0.0000  -0.2086
  -0.0396  -0.8402   1.0000   0.0006  -0.7675   0.0007  -0.8100   0.0023   0.8326   0.1806  -0.0060  -0.1408   0.0000   0.1754
  -0.0060   0.0002   0.0006   1.0000   0.0002   0.0108   0.0002   0.0112  -0.0002  -0.0057  -0.0002   0.0000  -0.0000  -0.0000
  -0.0049   0.9129  -0.7675   0.0002   1.0000   0.0001   0.8123   0.0003  -0.9011  -0.2410  -0.0008   0.1567  -0.0000  -0.1954
  -0.0063   0.0001   0.0007   0.0108   0.0001   1.0000   0.0001  -0.5895  -0.0001  -0.0059  -0.0128   0.0000  -0.0000  -0.0000
  -0.0052   0.9635  -0.8100   0.0002   0.8123   0.0001   1.0000   0.0003  -0.9810  -0.2544  -0.0008   0.1649  -0.0000  -0.2056
  -0.0203   0.0003   0.0023   0.0112   0.0003  -0.5895   0.0003   1.0000  -0.0003  -0.0190  -0.0502   0.0001  -0.0000  -0.0001
   0.0053  -0.9903   0.8326  -0.0002  -0.9011  -0.0001  -0.9810  -0.0003   1.0000   0.2615   0.0008  -0.1693   0.0000   0.2111
   0.3262  -0.2639   0.1806  -0.0057  -0.2410  -0.0059  -0.2544  -0.0190   0.2615   1.0000   0.0497  -0.0442   0.0000   0.0551
   0.0528  -0.0009  -0.0060  -0.0002  -0.0008  -0.0128  -0.0008  -0.0502   0.0008   0.0497   1.0000  -0.0001   0.0000   0.0002
  -0.0009   0.1675  -0.1408   0.0000   0.1567   0.0000   0.1649   0.0001  -0.1693  -0.0442  -0.0001   1.0000  -0.0000   0.7675
   0.0000  -0.0000   0.0000  -0.0000  -0.0000  -0.0000  -0.0000  -0.0000   0.0000   0.0000   0.0000  -0.0000   1.0000   0.0000
   0.0011  -0.2086   0.1754  -0.0000  -0.1954  -0.0000  -0.2056  -0.0001   0.2111   0.0551   0.0002   0.7675   0.0000   1.0000
