
  RooFitResult: minimized FCN value: -49157.7, estimated distance to minimum: 0.000538546
                covariance matrix quality: Full, accurate covariance matrix
                Status : MINIMIZE=0 HESSE=0 MINOS=0 

    Floating Parameter  InitialValue    FinalValue (+HiError,-LoError)    GblCorr.
  --------------------  ------------  ----------------------------------  --------
              NbkgFail    1.9548e+03    1.9550e+03         +/-  1.30e+02  <none>
              NbkgPass    2.7941e+02    2.7941e+02         +/-  5.80e+01  <none>
                  Nsig    9.9950e+03    9.9950e+03         +/-  1.48e+02  <none>
              a0Fail_4    8.7290e+01    8.7290e+01         +/-  6.57e+01  <none>
              a0Pass_4    2.6953e-04    2.6953e-04         +/-  9.72e-11  <none>
              a1Fail_4    4.0373e+00    4.0373e+00 (+7.85e-01,-2.39e-04)  <none>
              a1Pass_4    3.8658e-06    3.8658e-06         +/-  1.61e-12  <none>
              a2Fail_4   -3.5303e-02   -3.5303e-02         +/-  6.89e-04  <none>
              a2Pass_4   -5.0932e-08   -5.0932e-08         +/-  3.20e-14  <none>
                   eff    9.7828e-01    9.7828e-01         +/-  9.23e-03  <none>
            meanFail_4    8.4424e-01    8.4424e-01         +/-  1.72e+00  <none>
            meanPass_4    2.3111e-01    2.3111e-01 (+5.86e-02,-1.09e-01)  <none>
           sigmaFail_4    1.5367e+00    1.5367e+00         +/-  1.93e+00  <none>
           sigmaPass_4    4.3723e-01    4.3723e-01         +/-  1.48e-01  <none>


  Correlation Matrix
 --------------------
   1.0000   0.0001  -0.5709  -0.0016  -0.0000   0.0042  -0.0000   0.2009   0.0000   0.8922   0.3129  -0.0002  -0.4535  -0.0002
   0.0001   1.0000  -0.3604  -0.0000  -0.0000   0.0000  -0.0000   0.0000  -0.0000  -0.0125   0.0000  -0.0469  -0.0000  -0.0604
  -0.5709  -0.3604   1.0000   0.0010   0.0000  -0.0028   0.0000  -0.1408   0.0000  -0.6189  -0.2181   0.0185   0.3167   0.0239
  -0.0016  -0.0000   0.0010   1.0000  -0.0000  -0.0000  -0.0000  -0.0130  -0.0000  -0.0016  -0.0010   0.0001   0.0011   0.0001
  -0.0000  -0.0000   0.0000  -0.0000   1.0000   0.0000  -0.0000  -0.0000  -0.0000   0.0000   0.0000  -0.0000  -0.0000  -0.0000
   0.0042   0.0000  -0.0028  -0.0000   0.0000   1.0000   0.0000  -0.3276   0.0000   0.0044   0.0014   0.0000  -0.0025   0.0000
  -0.0000  -0.0000   0.0000  -0.0000  -0.0000   0.0000   1.0000   0.0000  -0.0000   0.0000  -0.0000  -0.0000   0.0000  -0.0000
   0.2009   0.0000  -0.1408  -0.0130  -0.0000  -0.3276   0.0000   1.0000  -0.0000   0.2201  -0.2754   0.0001   0.1400   0.0001
   0.0000  -0.0000   0.0000  -0.0000  -0.0000   0.0000  -0.0000  -0.0000   1.0000   0.0000   0.0000  -0.0000  -0.0000  -0.0000
   0.8922  -0.0125  -0.6189  -0.0016   0.0000   0.0044   0.0000   0.2201   0.0000   1.0000   0.3408   0.0004  -0.4949   0.0006
   0.3129   0.0000  -0.2181  -0.0010   0.0000   0.0014  -0.0000  -0.2754   0.0000   0.3408   1.0000  -0.0005  -0.6127  -0.0005
  -0.0002  -0.0469   0.0185   0.0001  -0.0000   0.0000  -0.0000   0.0001  -0.0000   0.0004  -0.0005   1.0000   0.0003   0.9635
  -0.4535  -0.0000   0.3167   0.0011  -0.0000  -0.0025   0.0000   0.1400  -0.0000  -0.4949  -0.6127   0.0003   1.0000   0.0003
  -0.0002  -0.0604   0.0239   0.0001  -0.0000   0.0000  -0.0000   0.0001  -0.0000   0.0006  -0.0005   0.9635   0.0003   1.0000
