
  RooFitResult: minimized FCN value: -21183.1, estimated distance to minimum: 0.00164875
                covariance matrix quality: Full matrix, but forced positive-definite
                Status : MINIMIZE=0 HESSE=0 MINOS=0 

    Floating Parameter  InitialValue    FinalValue (+HiError,-LoError)    GblCorr.
  --------------------  ------------  ----------------------------------  --------
              NbkgFail    8.1270e+02    8.1270e+02         +/-  8.85e+01  <none>
              NbkgPass    2.5991e+02    2.6042e+02         +/-  4.45e+01  <none>
                  Nsig    5.1977e+03    5.1962e+03         +/-  9.52e+01  <none>
              a0Fail_1    9.9720e+01    9.9719e+01         +/-  1.19e+02  <none>
              a0Pass_1    6.0012e+00    6.0011e+00         +/-  1.09e+00  <none>
              a1Fail_1    8.7327e+00    8.7307e+00         +/-  2.18e+00  <none>
              a1Pass_1   -9.7828e-02   -9.7828e-02         +/-  1.21e-02  <none>
              a2Fail_1   -7.3562e-02   -7.3556e-02         +/-  1.43e-02  <none>
              a2Pass_1    4.1968e-04    4.1967e-04         +/-  7.86e-05  <none>
                   eff    9.8238e-01    9.8236e-01 (+0.00e+00,-5.65e-03)  <none>
            meanFail_1   -9.9999e+00   -1.0000e+01         +/-  3.42e+00  <none>
            meanPass_1    9.3904e-02    9.3914e-02         +/-  2.73e-01  <none>
           sigmaFail_1    4.9981e+00    5.0000e+00         +/-  4.98e+00  <none>
           sigmaPass_1    2.0251e-01    2.0265e-01         +/-  2.90e-01  <none>


  Correlation Matrix
 --------------------
   1.0000  -0.0008  -0.3922  -0.0377  -0.0003  -0.0090   0.0000   0.0108   0.0003   0.7846   0.0018  -0.0000   0.0687  -0.0000
  -0.0008   1.0000  -0.4045   0.0000   0.3491  -0.0000   0.0301   0.0000  -0.3643  -0.0155  -0.0000   0.0017  -0.0001  -0.0016
  -0.3922  -0.4045   1.0000   0.0231  -0.1626   0.0055  -0.0140  -0.0066   0.1697  -0.4725  -0.0011  -0.0008  -0.0420   0.0008
  -0.0377   0.0000   0.0231   1.0000   0.0000   0.1852  -0.0000  -0.0018   0.0000  -0.0461  -0.0007  -0.0000   0.0081  -0.0000
  -0.0003   0.3491  -0.1626   0.0000   1.0000   0.0000  -0.6218  -0.0000  -0.1117  -0.0063  -0.0000  -0.0016  -0.0000  -0.0010
  -0.0090  -0.0000   0.0055   0.1852   0.0000   1.0000  -0.0002  -0.9780   0.0002  -0.0110  -0.0002   0.0001   0.0084   0.0001
   0.0000   0.0301  -0.0140  -0.0000  -0.6218  -0.0002   1.0000   0.0002  -0.7043  -0.0005   0.0000   0.0024  -0.0000   0.0026
   0.0108   0.0000  -0.0066  -0.0018  -0.0000  -0.9780   0.0002   1.0000  -0.0002   0.0132   0.0005  -0.0001   0.0060  -0.0001
   0.0003  -0.3643   0.1697   0.0000  -0.1117   0.0002  -0.7043  -0.0002   1.0000   0.0065   0.0000  -0.0018   0.0000  -0.0019
   0.7846  -0.0155  -0.4725  -0.0461  -0.0063  -0.0110  -0.0005   0.0132   0.0065   1.0000   0.0021  -0.0000   0.0840   0.0000
   0.0018  -0.0000  -0.0011  -0.0007  -0.0000  -0.0002   0.0000   0.0005   0.0000   0.0021   1.0000   0.0000  -0.0051   0.0000
  -0.0000   0.0017  -0.0008  -0.0000  -0.0016   0.0001   0.0024  -0.0001  -0.0018  -0.0000   0.0000   1.0000  -0.0000   0.9970
   0.0687  -0.0001  -0.0420   0.0081  -0.0000   0.0084  -0.0000   0.0060   0.0000   0.0840  -0.0051  -0.0000   1.0000  -0.0000
  -0.0000  -0.0016   0.0008  -0.0000  -0.0010   0.0001   0.0026  -0.0001  -0.0019   0.0000   0.0000   0.9970  -0.0000   1.0000
