
  RooFitResult: minimized FCN value: -10124.7, estimated distance to minimum: 0.00375721
                covariance matrix quality: Full, accurate covariance matrix
                Status : MINIMIZE=0 HESSE=0 MINOS=0 

    Floating Parameter  InitialValue    FinalValue (+HiError,-LoError)    GblCorr.
  --------------------  ------------  ----------------------------------  --------
              NbkgFail    1.6826e+02    1.6828e+02 (+1.68e+01,-1.73e+01)  <none>
              NbkgPass    6.0823e+01    6.0517e+01         +/-  2.45e+01  <none>
                  Nsig    3.0139e+03    3.0142e+03 (+6.06e+01,-6.03e+01)  <none>
             a0Fail_30   -7.3925e+01   -7.3653e+01 (+9.55e+01,-2.73e-01)  <none>
             a0Pass_30   -2.4840e-01   -2.2520e-01 (+1.35e+00,-3.29e+00)  <none>
             a1Fail_30    3.8046e+01    3.9806e+01 (+6.58e+01,-6.69e+01)  <none>
             a1Pass_30   -1.4064e-04   -7.0454e-04 (+1.87e-02,-1.20e-02)  <none>
             a2Fail_30    1.1392e+00    1.1840e+00 (+3.71e+01,-3.39e+00)  <none>
             a2Pass_30    7.7777e-05    8.1870e-05 (+2.85e-04,-2.73e-06)  <none>
                   eff    9.5596e-01    9.5597e-01         +/-  5.06e-03  <none>
           meanFail_30    1.6247e-01    1.3391e-01         +/-  1.65e+00  <none>
           meanPass_30    5.0616e-01    5.0615e-01 (+9.04e-02,-8.03e-02)  <none>
          sigmaFail_30    3.2966e-01    2.9837e-01 (+9.86e-01,-2.99e+00)  <none>
          sigmaPass_30    4.6045e-01    4.6068e-01 (+9.49e-02,-1.19e-01)  <none>


  Correlation Matrix
 --------------------
   1.0000   0.0000  -0.1127  -0.0029   0.0000   0.0011   0.0000  -0.0039  -0.0000   0.4277   0.0034  -0.0000  -0.0007  -0.0000
   0.0000   1.0000  -0.3644  -0.0000  -0.1082   0.0000   0.1318   0.0000   0.0166  -0.0637  -0.0000  -0.0325  -0.0000  -0.0505
  -0.1127  -0.3644   1.0000   0.0008   0.0438  -0.0003  -0.0534   0.0011  -0.0067  -0.0930  -0.0010   0.0132   0.0002   0.0204
  -0.0029  -0.0000   0.0008   1.0000   0.0000   0.0043   0.0000   0.0591  -0.0000  -0.0031  -0.0000  -0.0000  -0.0000   0.0000
   0.0000  -0.1082   0.0438   0.0000   1.0000  -0.0000  -0.7388   0.0000  -0.5907   0.0077   0.0000  -0.0164   0.0000   0.0301
   0.0011   0.0000  -0.0003   0.0043  -0.0000   1.0000   0.0000  -0.5885   0.0000   0.0011  -0.0008   0.0000  -0.0000   0.0000
   0.0000   0.1318  -0.0534   0.0000  -0.7388   0.0000   1.0000  -0.0000  -0.0992  -0.0093   0.0000   0.0205   0.0000  -0.0360
  -0.0039   0.0000   0.0011   0.0591   0.0000  -0.5885  -0.0000   1.0000  -0.0000  -0.0042  -0.0046  -0.0000  -0.0002  -0.0000
  -0.0000   0.0166  -0.0067  -0.0000  -0.5907   0.0000  -0.0992  -0.0000   1.0000  -0.0012  -0.0000   0.0083  -0.0000   0.0038
   0.4277  -0.0637  -0.0930  -0.0031   0.0077   0.0011  -0.0093  -0.0042  -0.0012   1.0000   0.0036   0.0023  -0.0008   0.0036
   0.0034  -0.0000  -0.0010  -0.0000   0.0000  -0.0008   0.0000  -0.0046  -0.0000   0.0036   1.0000  -0.0000   0.9960  -0.0000
  -0.0000  -0.0325   0.0132  -0.0000  -0.0164   0.0000   0.0205  -0.0000   0.0083   0.0023  -0.0000   1.0000  -0.0000  -0.0463
  -0.0007  -0.0000   0.0002  -0.0000   0.0000  -0.0000   0.0000  -0.0002  -0.0000  -0.0008   0.9960  -0.0000   1.0000  -0.0000
  -0.0000  -0.0505   0.0204   0.0000   0.0301   0.0000  -0.0360  -0.0000   0.0038   0.0036  -0.0000  -0.0463  -0.0000   1.0000
