
  RooFitResult: minimized FCN value: -9208.06, estimated distance to minimum: 1.52378e-07
                covariance matrix quality: Full matrix, but forced positive-definite
                Status : MINIMIZE=0 HESSE=0 MINOS=0 

    Floating Parameter  InitialValue    FinalValue +/-  Error     GblCorr.
  --------------------  ------------  --------------------------  --------
              NbkgFail    3.3030e+02    3.3030e+02 +/-  1.06e-01  <none>
              NbkgPass    2.6579e+01    2.6579e+01 +/-  8.33e-01  <none>
                  Nsig    2.9124e+03    2.9123e+03 +/-  3.45e+00  <none>
             a0Fail_11    9.7487e+01    9.7486e+01 +/-  7.53e-01  <none>
             a0Pass_11    2.1480e-02    2.1480e-02 +/-  6.16e-05  <none>
             a1Fail_11    7.8464e+00    7.8463e+00 +/-  1.33e-02  <none>
             a1Pass_11   -4.5550e-04   -4.5550e-04 +/-  6.86e-07  <none>
             a2Fail_11   -6.8427e-02   -6.8427e-02 +/-  1.06e-04  <none>
             a2Pass_11    2.4351e-06    2.4351e-06 +/-  6.72e-09  <none>
                   eff    9.8525e-01    9.8526e-01 +/-  3.53e-04  <none>
           meanFail_11    1.6961e+00    1.7021e+00 +/-  1.37e+01  <none>
           meanPass_11    1.2411e-01    1.2411e-01 +/-  4.30e-03  <none>
          sigmaFail_11    1.1606e-01    1.1718e-01 +/-  6.12e-01  <none>
          sigmaPass_11    7.8892e-01    7.8892e-01 +/-  1.15e-02  <none>


  Correlation Matrix
 --------------------
   1.0000  -0.0000  -0.0000  -0.0000   0.0000   0.0000  -0.0000   0.0000  -0.0000   0.0000  -0.0000   0.0000   0.0000  -0.0000
  -0.0000   1.0000  -0.0008   0.0000   0.0032  -0.0000   0.0024  -0.0000   0.0013  -0.0002  -0.0002   0.0000   0.0002   0.0000
  -0.0000  -0.0008   1.0000  -0.0000  -0.0001  -0.0000  -0.0001  -0.0000  -0.0001  -0.0010   0.0009  -0.0000  -0.0009  -0.0000
  -0.0000   0.0000  -0.0000   1.0000  -0.0000  -0.0000   0.0000  -0.0000   0.0000   0.0000   0.0000  -0.0000  -0.0000   0.0000
   0.0000   0.0032  -0.0001  -0.0000   1.0000   0.0000  -0.0037   0.0000  -0.0030  -0.0000   0.0003  -0.0003  -0.0003  -0.0006
   0.0000  -0.0000  -0.0000  -0.0000   0.0000   1.0000  -0.0000  -0.0040  -0.0000   0.0008   0.0024   0.0000  -0.0024  -0.0000
  -0.0000   0.0024  -0.0001   0.0000  -0.0037  -0.0000   1.0000  -0.0000  -0.0037  -0.0000  -0.0009  -0.0004   0.0009  -0.0006
   0.0000  -0.0000  -0.0000  -0.0000   0.0000  -0.0040  -0.0000   1.0000  -0.0000   0.0008   0.0024   0.0000  -0.0024  -0.0000
  -0.0000   0.0013  -0.0001   0.0000  -0.0030  -0.0000  -0.0037  -0.0000   1.0000  -0.0000  -0.0003  -0.0005   0.0003  -0.0006
   0.0000  -0.0002  -0.0010   0.0000  -0.0000   0.0008  -0.0000   0.0008  -0.0000   1.0000  -0.0195  -0.0000   0.0195   0.0000
  -0.0000  -0.0002   0.0009   0.0000   0.0003   0.0024  -0.0009   0.0024  -0.0003  -0.0195   1.0000   0.0000  -0.9990  -0.0002
   0.0000   0.0000  -0.0000  -0.0000  -0.0003   0.0000  -0.0004   0.0000  -0.0005  -0.0000   0.0000   1.0000  -0.0000  -0.0004
   0.0000   0.0002  -0.0009  -0.0000  -0.0003  -0.0024   0.0009  -0.0024   0.0003   0.0195  -0.9990  -0.0000   1.0000   0.0002
  -0.0000   0.0000  -0.0000   0.0000  -0.0006  -0.0000  -0.0006  -0.0000  -0.0006   0.0000  -0.0002  -0.0004   0.0002   1.0000
