
  RooFitResult: minimized FCN value: -62750.5, estimated distance to minimum: 1.51895e+20
                covariance matrix quality: Approximation only, not accurate
                Status : MINIMIZE=-1 HESSE=4 MINOS=4 

    Floating Parameter  InitialValue    FinalValue (+HiError,-LoError)    GblCorr.
  --------------------  ------------  ----------------------------------  --------
              NbkgFail    4.4190e+02    4.4190e+02         +/-  9.02e+00  <none>
              NbkgPass    1.0530e+01    1.0530e+01         +/-  1.47e+01  <none>
                  Nsig    1.2708e+04    1.2708e+04         +/-  1.13e+02  <none>
             a0Fail_13    9.4965e+00    9.4965e+00         +/-  1.03e+02  <none>
             a0Pass_13    2.1766e-05    2.1766e-05         +/-  8.41e+00  <none>
             a1Fail_13    1.0739e+01    1.0739e+01         +/-  5.08e-01  <none>
             a1Pass_13   -1.6675e-07   -1.6675e-07         +/-  8.41e+00  <none>
             a2Fail_13   -7.6595e-02   -7.6595e-02         +/-  3.64e-03  <none>
             a2Pass_13   -1.7376e-11   -1.7376e-11         +/-  8.41e+00  <none>
                   eff    9.9435e-01    9.9435e-01 (+3.25e-03,--0.00e+00)  <none>
           meanFail_13    9.2368e-02    9.2368e-02         +/-  1.88e+00  <none>
           meanPass_13    3.9313e-01    3.9313e-01         +/-  2.88e-02  <none>
          sigmaFail_13    6.7421e-01    6.7421e-01         +/-  1.03e+00  <none>
          sigmaPass_13    5.3557e-01    5.3557e-01         +/-  6.14e-02  <none>


  Correlation Matrix
 --------------------
   1.0000   0.0000   0.0000   0.0000   0.0000   0.0000   0.0000   0.0000   0.0000   0.0000   0.0000   0.0000   0.0000   0.0000
   0.0000   1.0000   0.0000   0.0000   0.0000   0.0000   0.0000   0.0000   0.0000   0.0000   0.0000   0.0000   0.0000   0.0000
   0.0000   0.0000   1.0000   0.0000   0.0000   0.0000   0.0000   0.0000   0.0000   0.0000   0.0000   0.0000   0.0000   0.0000
   0.0000   0.0000   0.0000   1.0000   0.0000   0.0000   0.0000   0.0000   0.0000   0.0000   0.0000   0.0000   0.0000   0.0000
   0.0000   0.0000   0.0000   0.0000   1.0000   0.0000   0.0000   0.0000   0.0000   0.0000   0.0000   0.0000   0.0000   0.0000
   0.0000   0.0000   0.0000   0.0000   0.0000   1.0000   0.0000   0.0000   0.0000   0.0000   0.0000   0.0000   0.0000   0.0000
   0.0000   0.0000   0.0000   0.0000   0.0000   0.0000   1.0000   0.0000   0.0000   0.0000   0.0000   0.0000   0.0000   0.0000
   0.0000   0.0000   0.0000   0.0000   0.0000   0.0000   0.0000   1.0000   0.0000   0.0000   0.0000   0.0000   0.0000   0.0000
   0.0000   0.0000   0.0000   0.0000   0.0000   0.0000   0.0000   0.0000   1.0000   0.0000   0.0000   0.0000   0.0000   0.0000
   0.0000   0.0000   0.0000   0.0000   0.0000   0.0000   0.0000   0.0000   0.0000   1.0000   0.0000   0.0000   0.0000   0.0000
   0.0000   0.0000   0.0000   0.0000   0.0000   0.0000   0.0000   0.0000   0.0000   0.0000   1.0000   0.0000   0.0000   0.0000
   0.0000   0.0000   0.0000   0.0000   0.0000   0.0000   0.0000   0.0000   0.0000   0.0000   0.0000   1.0000   0.0000   0.0000
   0.0000   0.0000   0.0000   0.0000   0.0000   0.0000   0.0000   0.0000   0.0000   0.0000   0.0000   0.0000   1.0000   0.0000
   0.0000   0.0000   0.0000   0.0000   0.0000   0.0000   0.0000   0.0000   0.0000   0.0000   0.0000   0.0000   0.0000   1.0000
