
  RooFitResult: minimized FCN value: -63254.9, estimated distance to minimum: 0.01186
                covariance matrix quality: Full matrix, but forced positive-definite
                Status : MINIMIZE=-1 HESSE=4 MINOS=4 

    Floating Parameter  InitialValue    FinalValue +/-  Error     GblCorr.
  --------------------  ------------  --------------------------  --------
              NbkgFail    3.9510e+02    3.9510e+02 +/-  3.35e+01  <none>
              NbkgPass    5.2800e-02    5.2800e-02 +/-  4.79e+00  <none>
                  Nsig    1.2853e+04    1.2853e+04 +/-  1.19e+02  <none>
             a0Fail_22   -7.1310e+01   -7.1310e+01 +/-  5.44e+01  <none>
             a0Pass_22    1.1279e-04    1.1279e-04 +/-  1.84e-10  <none>
             a1Fail_22    7.6766e+00    7.6766e+00 +/-  7.02e-01  <none>
             a1Pass_22   -1.1712e-07   -1.1712e-07 +/-  6.91e-12  <none>
             a2Fail_22   -4.1613e-02   -4.1613e-02 +/-  4.93e-03  <none>
             a2Pass_22   -6.8563e-09   -6.8563e-09 +/-  2.22e-14  <none>
                   eff    9.9605e-01    9.9605e-01 +/-  2.08e-03  <none>
           meanFail_22   -2.8247e-01   -2.8247e-01 +/-  3.28e+00  <none>
           meanPass_22    3.3063e-01    3.3063e-01 +/-  2.75e-02  <none>
          sigmaFail_22    9.6000e-02    9.6000e-02 +/-  7.77e-01  <none>
          sigmaPass_22    7.0808e-01    7.0808e-01 +/-  6.65e-02  <none>


  Correlation Matrix
 --------------------
   1.0000   0.0000  -0.0067  -0.0001  -0.0000  -0.0025   0.0000  -0.0050   0.0000   0.0298   0.0219   0.0000   0.0194  -0.0000
   0.0000   1.0000  -0.2089   0.0000   0.0000   0.0000   0.0000   0.0000   0.0000  -0.0037  -0.0000   0.0510  -0.0000  -0.0881
  -0.0067  -0.2089   1.0000   0.0008  -0.0000   0.0179  -0.0000   0.0346  -0.0000  -0.2087  -0.1538  -0.0106  -0.1365   0.0184
  -0.0001   0.0000   0.0008   1.0000   0.0000   0.0075   0.0000  -0.0015  -0.0000  -0.0037  -0.0024   0.0000  -0.0026  -0.0000
  -0.0000   0.0000  -0.0000   0.0000   1.0000   0.0000   0.0000  -0.0000   0.0000  -0.0000   0.0000   0.0000   0.0000  -0.0000
  -0.0025   0.0000   0.0179   0.0075   0.0000   1.0000  -0.0000  -0.3132  -0.0000  -0.0792  -0.0856   0.0000  -0.0723  -0.0000
   0.0000   0.0000  -0.0000   0.0000   0.0000  -0.0000   1.0000   0.0000   0.0000  -0.0000  -0.0000   0.0000  -0.0000  -0.0000
  -0.0050   0.0000   0.0346  -0.0015  -0.0000  -0.3132   0.0000   1.0000   0.0000  -0.1536  -0.2128  -0.0001  -0.1792   0.0000
   0.0000   0.0000  -0.0000  -0.0000   0.0000  -0.0000   0.0000   0.0000   1.0000  -0.0000  -0.0000   0.0000  -0.0000  -0.0000
   0.0298  -0.0037  -0.2087  -0.0037  -0.0000  -0.0792  -0.0000  -0.1536  -0.0000   1.0000   0.6819  -0.0002   0.6053   0.0003
   0.0219  -0.0000  -0.1538  -0.0024   0.0000  -0.0856  -0.0000  -0.2128  -0.0000   0.6819   1.0000   0.0000   0.7456   0.0000
   0.0000   0.0510  -0.0106   0.0000   0.0000   0.0000   0.0000  -0.0001   0.0000  -0.0002   0.0000   1.0000   0.0000  -0.0573
   0.0194  -0.0000  -0.1365  -0.0026   0.0000  -0.0723  -0.0000  -0.1792  -0.0000   0.6053   0.7456   0.0000   1.0000   0.0000
  -0.0000  -0.0881   0.0184  -0.0000  -0.0000  -0.0000  -0.0000   0.0000  -0.0000   0.0003   0.0000  -0.0573   0.0000   1.0000
