
  RooFitResult: minimized FCN value: -14635.2, estimated distance to minimum: 24836.1
                covariance matrix quality: Full matrix, but forced positive-definite
                Status : MINIMIZE=0 HESSE=0 MINOS=0 

    Floating Parameter  InitialValue    FinalValue (+HiError,-LoError)    GblCorr.
  --------------------  ------------  ----------------------------------  --------
              NbkgFail    9.0485e+02    9.0485e+02         +/-  7.24e+01  <none>
              NbkgPass    5.4075e+01    5.4075e+01         +/-  3.61e+01  <none>
                  Nsig    3.8591e+03    3.8591e+03         +/-  9.72e+01  <none>
              a0Fail_8    9.8536e+01    9.8536e+01 (+1.66e-03,-9.54e+01)  <none>
              a0Pass_8    9.9589e+00    9.9589e+00         +/-  2.02e-08  <none>
              a1Fail_8    1.0808e+01    1.0808e+01         +/-  2.58e+00  <none>
              a1Pass_8   -9.7919e-02   -9.7919e-02         +/-  1.48e-09  <none>
              a2Fail_8   -8.7335e-02   -8.7335e-02         +/-  2.66e-02  <none>
              a2Pass_8    1.2440e-04    1.2440e-04         +/-  1.89e-12  <none>
                   eff    9.9530e-01    9.9530e-01         +/-  1.69e-02  <none>
            meanFail_8   -5.8474e-02   -5.8474e-02         +/-  7.50e-05  <none>
            meanPass_8    2.7301e-01    2.7301e-01         +/-  1.02e-01  <none>
           sigmaFail_8    1.1742e-02    1.1742e-02         +/-  5.38e-07  <none>
           sigmaPass_8    4.6846e-01    4.6846e-01         +/-  1.61e-01  <none>


  Correlation Matrix
 --------------------
   1.0000  -0.0007  -0.6178  -0.0007  -0.0000   0.0465  -0.0000  -0.0152  -0.0000   0.9082   0.0008  -0.0006   0.0031  -0.0006
  -0.0007   1.0000  -0.3553   0.0001  -0.0000  -0.0010  -0.0000   0.0010  -0.0000  -0.0032   0.0000  -0.0217  -0.0000  -0.0540
  -0.6178  -0.3553   1.0000   0.0005   0.0000  -0.0338   0.0000   0.0104   0.0000  -0.6764  -0.0006   0.0079  -0.0023   0.0198
  -0.0007   0.0001   0.0005   1.0000  -0.0000  -0.0005  -0.0000  -0.0010  -0.0000  -0.0008  -0.0001  -0.0005  -0.0000  -0.0005
  -0.0000  -0.0000   0.0000  -0.0000   1.0000   0.0000   0.0000  -0.0000   0.0000  -0.0000   0.0000  -0.0000  -0.0000   0.0000
   0.0465  -0.0010  -0.0338  -0.0005   0.0000   1.0000   0.0000  -0.9972   0.0000   0.0506   0.0054   0.0132   0.0002   0.0142
  -0.0000  -0.0000   0.0000  -0.0000   0.0000   0.0000   1.0000  -0.0000  -0.0000   0.0000   0.0000   0.0000   0.0000   0.0000
  -0.0152   0.0010   0.0104  -0.0010  -0.0000  -0.9972  -0.0000   1.0000  -0.0000  -0.0163  -0.0053  -0.0133  -0.0001  -0.0143
  -0.0000  -0.0000   0.0000  -0.0000   0.0000   0.0000  -0.0000  -0.0000   1.0000  -0.0000   0.0000  -0.0000  -0.0000  -0.0000
   0.9082  -0.0032  -0.6764  -0.0008  -0.0000   0.0506   0.0000  -0.0163  -0.0000   1.0000   0.0009  -0.0004   0.0034  -0.0003
   0.0008   0.0000  -0.0006  -0.0001   0.0000   0.0054   0.0000  -0.0053   0.0000   0.0009   1.0000   0.0001   0.0000   0.0001
  -0.0006  -0.0217   0.0079  -0.0005  -0.0000   0.0132   0.0000  -0.0133  -0.0000  -0.0004   0.0001   1.0000  -0.0000   0.8662
   0.0031  -0.0000  -0.0023  -0.0000  -0.0000   0.0002   0.0000  -0.0001  -0.0000   0.0034   0.0000  -0.0000   1.0000  -0.0000
  -0.0006  -0.0540   0.0198  -0.0005   0.0000   0.0142   0.0000  -0.0143  -0.0000  -0.0003   0.0001   0.8662  -0.0000   1.0000
