
  RooFitResult: minimized FCN value: -52316.3, estimated distance to minimum: 0.00101506
                covariance matrix quality: Full, accurate covariance matrix
                Status : MINIMIZE=0 HESSE=0 MINOS=0 

    Floating Parameter  InitialValue    FinalValue (+HiError,-LoError)    GblCorr.
  --------------------  ------------  ----------------------------------  --------
              NbkgFail    4.2750e+02    4.2750e+02         +/-  5.05e+00  <none>
              NbkgPass    1.0021e-02    2.0294e-02         +/-  4.00e+01  <none>
                  Nsig    1.0882e+04    1.0882e+04         +/-  1.05e+02  <none>
             a0Fail_15   -7.8091e+01   -7.8091e+01 (+6.52e+00,-1.11e-04)  <none>
             a0Pass_15   -2.9352e-05   -2.9352e-05         +/-  1.62e-11  <none>
             a1Fail_15    3.5205e+00    3.5205e+00 (+3.14e-01,-4.01e-04)  <none>
             a1Pass_15    7.1162e-07    7.1162e-07         +/-  7.11e-14  <none>
             a2Fail_15   -2.1275e-02   -2.1275e-02         +/-  8.14e-04  <none>
             a2Pass_15   -3.7068e-09   -3.7068e-09         +/-  3.55e-15  <none>
                   eff    9.9189e-01    9.9189e-01         +/-  1.50e-03  <none>
           meanFail_15    9.9548e-01    9.9548e-01         +/-  4.83e-01  <none>
           meanPass_15    3.4666e-01    3.4666e-01         +/-  5.22e-02  <none>
          sigmaFail_15    2.7512e-01    2.7512e-01         +/-  2.94e+00  <none>
          sigmaPass_15    4.6001e-01    4.6001e-01         +/-  7.64e-02  <none>


  Correlation Matrix
 --------------------
   1.0000   0.0001  -0.0002   0.0006  -0.0000   0.0000   0.0000   0.0001   0.0000   0.0014  -0.0011   0.0039   0.0012   0.0045
   0.0001   1.0000  -0.0122   0.0000  -0.0000   0.0000  -0.0000  -0.0000  -0.0000  -0.0017  -0.0016   0.0019   0.0017   0.0016
  -0.0002  -0.0122   1.0000   0.0004   0.0000   0.0007  -0.0000  -0.0035   0.0000  -0.1042   0.0016   0.0032  -0.0020   0.0032
   0.0006   0.0000   0.0004   1.0000  -0.0000   0.0003   0.0000  -0.0013   0.0000  -0.0002  -0.0053   0.0072   0.0057   0.0058
  -0.0000  -0.0000   0.0000  -0.0000   1.0000  -0.0000   0.0000  -0.0000   0.0000  -0.0000  -0.0000  -0.0000   0.0000  -0.0000
   0.0000   0.0000   0.0007   0.0003  -0.0000   1.0000  -0.0000  -0.1815  -0.0000  -0.0043   0.0031   0.0043  -0.0033   0.0034
   0.0000  -0.0000  -0.0000   0.0000   0.0000  -0.0000   1.0000   0.0000   0.0000   0.0000  -0.0000  -0.0000   0.0000  -0.0000
   0.0001  -0.0000  -0.0035  -0.0013  -0.0000  -0.1815   0.0000   1.0000   0.0000   0.0223  -0.0067  -0.0013   0.0026  -0.0013
   0.0000  -0.0000   0.0000   0.0000   0.0000  -0.0000   0.0000   0.0000   1.0000  -0.0000   0.0000  -0.0000  -0.0000  -0.0000
   0.0014  -0.0017  -0.1042  -0.0002  -0.0000  -0.0043   0.0000   0.0223  -0.0000   1.0000  -0.0212  -0.0438   0.0245  -0.0498
  -0.0011  -0.0016   0.0016  -0.0053  -0.0000   0.0031  -0.0000  -0.0067   0.0000  -0.0212   1.0000  -0.0335  -0.9557  -0.0433
   0.0039   0.0019   0.0032   0.0072  -0.0000   0.0043  -0.0000  -0.0013  -0.0000  -0.0438  -0.0335   1.0000   0.0352   0.7976
   0.0012   0.0017  -0.0020   0.0057   0.0000  -0.0033   0.0000   0.0026  -0.0000   0.0245  -0.9557   0.0352   1.0000   0.0453
   0.0045   0.0016   0.0032   0.0058  -0.0000   0.0034  -0.0000  -0.0013  -0.0000  -0.0498  -0.0433   0.7976   0.0453   1.0000
