
  RooFitResult: minimized FCN value: -18682.4, estimated distance to minimum: 3.1199e+10
                covariance matrix quality: Full, accurate covariance matrix
                Status : MINIMIZE=-1 HESSE=4 MINOS=4 

    Floating Parameter  InitialValue    FinalValue (+HiError,-LoError)    GblCorr.
  --------------------  ------------  ----------------------------------  --------
              NbkgFail    9.1200e+02    9.1200e+02         +/-  2.33e-12  <none>
              NbkgPass    1.5657e+02    1.5658e+02         +/-  3.24e-09  <none>
                  Nsig    4.6455e+03    4.6454e+03         +/-  1.62e-08  <none>
              a0Fail_9    8.3322e+01    8.3322e+01         +/-  1.85e-13  <none>
              a0Pass_9   -3.9777e-05   -3.9777e-05         +/-  1.95e-13  <none>
              a1Fail_9    4.3789e+00    4.3789e+00         +/-  7.51e-14  <none>
              a1Pass_9    1.7143e-05    1.7143e-05         +/-  6.10e-02  <none>
              a2Fail_9   -3.8230e-02   -3.8236e-02         +/-  2.68e-12  <none>
              a2Pass_9   -1.4010e-07   -1.4010e-07         +/-  3.45e-11  <none>
                   eff    1.0000e+00    1.0000e+00 (+0.00e+00,-7.21e-03)  <none>
            meanFail_9    9.7356e+00    9.9471e+00         +/-  3.90e-12  <none>
            meanPass_9    1.5816e-01    1.5779e-01         +/-  3.80e-11  <none>
           sigmaFail_9    1.9026e-02    2.7497e-02         +/-  1.40e-12  <none>
           sigmaPass_9    3.4969e-01    3.4919e-01         +/-  4.84e-12  <none>


  Correlation Matrix
 --------------------
   1.0000   0.0000  -0.0000   0.0000   0.0000  -0.0000  -0.0000  -0.0000   0.0000   0.0000   0.0000   0.0000  -0.0000  -0.0000
   0.0000   1.0000  -0.0000  -0.0000   0.0000  -0.0000  -0.0000  -0.0000   0.0000   0.0000   0.0000   0.0000   0.0000  -0.0000
  -0.0000  -0.0000   1.0000  -0.0000  -0.0000   0.0000   0.0000   0.0000  -0.0000  -0.0000  -0.0000  -0.0000  -0.0000   0.0000
   0.0000  -0.0000  -0.0000   1.0000  -0.0000   0.0000   0.0000   0.0000  -0.0000   0.0000  -0.0000  -0.0000  -0.0000   0.0000
   0.0000   0.0000  -0.0000  -0.0000   1.0000  -0.0000  -0.0001  -0.0000   0.0001   0.0000   0.0000   0.0000   0.0000  -0.0000
  -0.0000  -0.0000   0.0000   0.0000  -0.0000   1.0000   0.0000  -0.0000  -0.0000  -0.0000  -0.0000  -0.0000  -0.0000   0.0000
  -0.0000  -0.0000   0.0000   0.0000  -0.0001   0.0000   1.0000   0.0000  -0.9990  -0.0000  -0.0000  -0.0000  -0.0000   0.0000
  -0.0000  -0.0000   0.0000   0.0000  -0.0000  -0.0000   0.0000   1.0000  -0.0000  -0.0000  -0.0000  -0.0000  -0.0000   0.0000
   0.0000   0.0000  -0.0000  -0.0000   0.0001  -0.0000  -0.9990  -0.0000   1.0000   0.0000   0.0000   0.0000   0.0000  -0.0000
   0.0000   0.0000  -0.0000   0.0000   0.0000  -0.0000  -0.0000  -0.0000   0.0000   1.0000   0.0000   0.0000   0.0000  -0.0000
   0.0000   0.0000  -0.0000  -0.0000   0.0000  -0.0000  -0.0000  -0.0000   0.0000   0.0000   1.0000   0.0000  -0.0000  -0.0000
   0.0000   0.0000  -0.0000  -0.0000   0.0000  -0.0000  -0.0000  -0.0000   0.0000   0.0000   0.0000   1.0000   0.0000  -0.0000
  -0.0000   0.0000  -0.0000  -0.0000   0.0000  -0.0000  -0.0000  -0.0000   0.0000   0.0000  -0.0000   0.0000   1.0000  -0.0000
  -0.0000  -0.0000   0.0000   0.0000  -0.0000   0.0000   0.0000   0.0000  -0.0000  -0.0000  -0.0000  -0.0000  -0.0000   1.0000
