
  RooFitResult: minimized FCN value: -16372.6, estimated distance to minimum: 0.000667364
                covariance matrix quality: Full, accurate covariance matrix
                Status : MINIMIZE=0 HESSE=0 MINOS=0 

    Constant Parameter    Value     
  --------------------  ------------
           peakFail_12    9.1188e+01

    Floating Parameter  InitialValue    FinalValue (+HiError,-LoError)    GblCorr.
  --------------------  ------------  ----------------------------------  --------
              NbkgFail    3.1717e+02    3.1717e+02         +/-  3.39e+01  <none>
              NbkgPass    1.0003e-02    1.0359e-02         +/-  6.08e+00  <none>
                  Nsig    4.7728e+03    4.7728e+03         +/-  7.49e+01  <none>
           alfaFail_12    2.0000e+02    2.0000e+02         +/-  1.74e+02  <none>
           betaFail_12    2.0498e-02    2.0498e-02         +/-  8.76e-03  <none>
                   eff    8.2696e-01    8.2696e-01 (+7.38e-03,-7.41e-03)  <none>
          gammaFail_12    9.2408e-02    9.2408e-02         +/-  7.88e-02  <none>
           meanFail_12    2.3935e-01    2.3935e-01         +/-  2.15e+00  <none>
           meanPass_12    1.5942e-01    1.5942e-01         +/-  1.01e+00  <none>
          sigmaFail_12    2.7805e-01    2.7803e-01         +/-  2.59e+00  <none>
          sigmaPass_12    2.7983e-01    2.7983e-01         +/-  8.01e-01  <none>
              tPass_12   -3.1488e-04   -4.2454e-03         +/-  9.19e-01  <none>


  Correlation Matrix
 --------------------
   1.0000   0.0001  -0.3286  -0.0000   0.5788   0.5746   0.5822   0.0102  -0.0052  -0.0025  -0.0052  -0.0004
   0.0001   1.0000  -0.0014  -0.0000   0.0001  -0.0005   0.0001   0.0000  -0.0001   0.0000  -0.0001  -0.1148
  -0.3286  -0.0014   1.0000   0.0000  -0.2624  -0.2605  -0.2639  -0.0047   0.0023   0.0011   0.0023   0.0005
  -0.0000  -0.0000   0.0000   1.0000  -0.0001  -0.0000  -0.0001  -0.0000   0.0000   0.0000   0.0000   0.0000
   0.5788   0.0001  -0.2624  -0.0001   1.0000   0.4589   0.9987   0.0095  -0.0089   0.0003  -0.0089  -0.0007
   0.5746  -0.0005  -0.2605  -0.0000   0.4589   1.0000   0.4616   0.0081  -0.0041  -0.0020  -0.0041  -0.0002
   0.5822   0.0001  -0.2639  -0.0001   0.9987   0.4616   1.0000   0.0106  -0.0089   0.0001  -0.0089  -0.0007
   0.0102   0.0000  -0.0047  -0.0000   0.0095   0.0081   0.0106   1.0000  -0.0001   0.9891  -0.0001  -0.0000
  -0.0052  -0.0001   0.0023   0.0000  -0.0089  -0.0041  -0.0089  -0.0001   1.0000  -0.0000   0.9988   0.0022
  -0.0025   0.0000   0.0011   0.0000   0.0003  -0.0020   0.0001   0.9891  -0.0000   1.0000  -0.0000  -0.0000
  -0.0052  -0.0001   0.0023   0.0000  -0.0089  -0.0041  -0.0089  -0.0001   0.9988  -0.0000   1.0000   0.0022
  -0.0004  -0.1148   0.0005   0.0000  -0.0007  -0.0002  -0.0007  -0.0000   0.0022  -0.0000   0.0022   1.0000
