
  RooFitResult: minimized FCN value: -62993.2, estimated distance to minimum: 0.000539686
                covariance matrix quality: Full matrix, but forced positive-definite
                Status : MINIMIZE=0 HESSE=0 MINOS=0 

    Constant Parameter    Value     
  --------------------  ------------
           peakFail_16    9.1188e+01

    Floating Parameter  InitialValue    FinalValue (+HiError,-LoError)    GblCorr.
  --------------------  ------------  ----------------------------------  --------
              NbkgFail    6.2788e+02    6.2788e+02         +/-  4.53e+01  <none>
              NbkgPass    6.5991e-01    6.6647e-01         +/-  3.13e+00  <none>
                  Nsig    1.3722e+04    1.3722e+04         +/-  1.23e+02  <none>
           alfaFail_16    1.4666e+02    1.4666e+02         +/-  1.61e+02  <none>
           betaFail_16    1.3983e-02    1.3983e-02         +/-  8.49e-03  <none>
                   eff    8.0134e-01    8.0134e-01 (+4.23e-03,--0.00e+00)  <none>
          gammaFail_16    3.0225e-02    3.0225e-02         +/-  3.55e-02  <none>
           meanFail_16    5.9924e-01    5.9924e-01         +/-  1.44e-01  <none>
           meanPass_16    1.1411e-02    1.1411e-02         +/-  2.02e-02  <none>
          sigmaFail_16    4.6494e-01    4.6495e-01         +/-  2.24e-01  <none>
          sigmaPass_16    7.9875e-02    7.9875e-02         +/-  7.07e-02  <none>
              tPass_16   -7.7599e-01   -7.6618e-01         +/-  6.46e-01  <none>


  Correlation Matrix
 --------------------
   1.0000   0.0001  -0.2556  -0.1516   0.4694   0.4529   0.2310   0.1639   0.0005  -0.2301   0.0005   0.0003
   0.0001   1.0000  -0.0214   0.0005  -0.0001  -0.0093   0.0004   0.0015  -0.0028  -0.0009  -0.0036   0.3244
  -0.2556  -0.0214   1.0000   0.0558  -0.1727  -0.1665  -0.0850  -0.0603  -0.0000   0.0847  -0.0000  -0.0076
  -0.1516   0.0005   0.0558   1.0000  -0.5330  -0.0988   0.6844  -0.0472   0.0018   0.0596   0.0018   0.0008
   0.4694  -0.0001  -0.1727  -0.5330   1.0000   0.3061   0.2485   0.1288  -0.0004  -0.1849  -0.0004  -0.0002
   0.4529  -0.0093  -0.1665  -0.0988   0.3061   1.0000   0.1506   0.1068   0.0004  -0.1500   0.0004  -0.0031
   0.2310   0.0004  -0.0850   0.6844   0.2485   0.1506   1.0000   0.0659   0.0018  -0.0924   0.0017   0.0008
   0.1639   0.0015  -0.0603  -0.0472   0.1288   0.1068   0.0659   1.0000   0.0058  -0.7082   0.0058   0.0027
   0.0005  -0.0028  -0.0000   0.0018  -0.0004   0.0004   0.0018   0.0058   1.0000  -0.0036   0.9969  -0.0054
  -0.2301  -0.0009   0.0847   0.0596  -0.1849  -0.1500  -0.0924  -0.7082  -0.0036   1.0000  -0.0036  -0.0017
   0.0005  -0.0036  -0.0000   0.0018  -0.0004   0.0004   0.0017   0.0058   0.9969  -0.0036   1.0000  -0.0059
   0.0003   0.3244  -0.0076   0.0008  -0.0002  -0.0031   0.0008   0.0027  -0.0054  -0.0017  -0.0059   1.0000
