
  RooFitResult: minimized FCN value: -21282.7, estimated distance to minimum: 1.55104e-06
                covariance matrix quality: Full, accurate covariance matrix
                Status : MINIMIZE=0 HESSE=0 MINOS=0 

    Constant Parameter    Value     
  --------------------  ------------
            peakFail_7    9.1188e+01

    Floating Parameter  InitialValue    FinalValue (+HiError,-LoError)    GblCorr.
  --------------------  ------------  ----------------------------------  --------
              NbkgFail    1.1886e+03    1.1886e+03         +/-  7.32e+01  <none>
              NbkgPass    7.7569e+01    7.7569e+01         +/-  3.05e+01  <none>
                  Nsig    5.7059e+03    5.7059e+03         +/-  1.04e+02  <none>
            alfaFail_7    2.0000e+02    2.0000e+02         +/-  1.72e+02  <none>
            betaFail_7    1.3369e-02    1.3369e-02         +/-  7.42e-03  <none>
                   eff    6.7605e-01    6.7605e-01 (+1.00e-02,-9.68e-03)  <none>
           gammaFail_7    5.4246e-02    5.4245e-02         +/-  4.54e-02  <none>
            meanFail_7    1.1589e-01    1.1589e-01         +/-  1.47e-01  <none>
            meanPass_7    8.7136e-03    8.7136e-03         +/-  1.09e-01  <none>
           sigmaFail_7    9.0122e-01    9.0122e-01         +/-  3.33e-01  <none>
           sigmaPass_7    7.9623e-02    7.9623e-02         +/-  7.27e-01  <none>
               tPass_7   -3.9174e-02   -3.9174e-02         +/-  1.52e-02  <none>


  Correlation Matrix
 --------------------
   1.0000   0.0008  -0.5500  -0.0013   0.6257   0.6760   0.6305   0.1173   0.0007  -0.3584   0.0007  -0.0002
   0.0008   1.0000  -0.2704  -0.0013   0.0013  -0.1583   0.0013   0.0001   0.0016  -0.0004   0.0004   0.1460
  -0.5500  -0.2704   1.0000   0.0013  -0.4424  -0.4310  -0.4457  -0.0829  -0.0008   0.2533  -0.0005  -0.0428
  -0.0013  -0.0013   0.0013   1.0000  -0.0048  -0.0010   0.0139  -0.0003   0.0014   0.0008   0.0014  -0.0007
   0.6257   0.0013  -0.4424  -0.0048   1.0000   0.5435   0.9988   0.0532   0.0014  -0.3172   0.0014  -0.0003
   0.6760  -0.1583  -0.4310  -0.0010   0.5435   1.0000   0.5476   0.1019   0.0003  -0.3113   0.0005  -0.0255
   0.6305   0.0013  -0.4457   0.0139   0.9988   0.5476   1.0000   0.0626   0.0014  -0.3194   0.0014  -0.0004
   0.1173   0.0001  -0.0829  -0.0003   0.0532   0.1019   0.0626   1.0000   0.0000  -0.3051   0.0000  -0.0000
   0.0007   0.0016  -0.0008   0.0014   0.0014   0.0003   0.0014   0.0000   1.0000  -0.0003   0.9998  -0.0002
  -0.3584  -0.0004   0.2533   0.0008  -0.3172  -0.3113  -0.3194  -0.3051  -0.0003   1.0000  -0.0003   0.0001
   0.0007   0.0004  -0.0005   0.0014   0.0014   0.0005   0.0014   0.0000   0.9998  -0.0003   1.0000   0.0009
  -0.0002   0.1460  -0.0428  -0.0007  -0.0003  -0.0255  -0.0004  -0.0000  -0.0002   0.0001   0.0009   1.0000
