
  RooFitResult: minimized FCN value: -2881.8, estimated distance to minimum: 3.87625e-05
                covariance matrix quality: Full matrix, but forced positive-definite
                Status : MINIMIZE=0 HESSE=0 MINOS=0 

    Constant Parameter    Value     
  --------------------  ------------
           peakFail_14    9.1188e+01

    Floating Parameter  InitialValue    FinalValue (+HiError,-LoError)    GblCorr.
  --------------------  ------------  ----------------------------------  --------
              NbkgFail    4.0154e+01    4.0192e+01         +/-  2.66e+01  <none>
              NbkgPass    9.2818e-01    9.2817e-01         +/-  2.85e+00  <none>
                  Nsig    1.5189e+03    1.5189e+03         +/-  4.68e+01  <none>
           alfaFail_14    1.8206e+02    1.8204e+02         +/-  1.59e+02  <none>
           betaFail_14    4.1929e-02    4.1924e-02         +/-  1.55e-02  <none>
                   eff    6.9330e-01    6.9332e-01 (+0.00e+00,-1.60e-02)  <none>
          gammaFail_14    2.8019e-01    2.8013e-01         +/-  2.51e-01  <none>
           meanFail_14    9.8005e-01    9.8003e-01         +/-  3.06e-01  <none>
           meanPass_14    8.0095e-01    8.0095e-01         +/-  1.39e-01  <none>
          sigmaFail_14    9.0997e-02    9.0925e-02         +/-  2.81e+00  <none>
          sigmaPass_14    1.1442e+00    1.1442e+00         +/-  2.80e-01  <none>
              tPass_14   -1.2483e-01   -1.2483e-01         +/-  7.40e-01  <none>


  Correlation Matrix
 --------------------
   1.0000  -0.0000  -0.5374  -0.1101   0.0749   0.6869   0.1022  -0.0151  -0.0000  -0.0078   0.0000   0.0000
  -0.0000   1.0000  -0.0538   0.0001  -0.0000  -0.0304   0.0000   0.0001   0.0678  -0.0001  -0.0812   0.5193
  -0.5374  -0.0538   1.0000   0.0627  -0.0427  -0.3893  -0.0582   0.0086  -0.0041   0.0045   0.0049  -0.0315
  -0.1101   0.0001   0.0627   1.0000  -0.4268  -0.0802   0.6567   0.0083  -0.0000   0.0007   0.0002  -0.0001
   0.0749  -0.0000  -0.0427  -0.4268   1.0000   0.0545   0.3823  -0.0146   0.0000  -0.0059  -0.0001   0.0001
   0.6869  -0.0304  -0.3893  -0.0802   0.0545   1.0000   0.0743  -0.0111  -0.0023  -0.0056   0.0028  -0.0178
   0.1022   0.0000  -0.0582   0.6567   0.3823   0.0743   1.0000  -0.0050  -0.0000  -0.0050   0.0001  -0.0000
  -0.0151   0.0001   0.0086   0.0083  -0.0146  -0.0111  -0.0050   1.0000  -0.0001  -0.9958   0.0004  -0.0002
  -0.0000   0.0678  -0.0041  -0.0000   0.0000  -0.0023  -0.0000  -0.0001   1.0000   0.0001  -0.0544   0.0362
  -0.0078  -0.0001   0.0045   0.0007  -0.0059  -0.0056  -0.0050  -0.9958   0.0001   1.0000  -0.0004   0.0002
   0.0000  -0.0812   0.0049   0.0002  -0.0001   0.0028   0.0001   0.0004  -0.0544  -0.0004   1.0000  -0.0312
   0.0000   0.5193  -0.0315  -0.0001   0.0001  -0.0178  -0.0000  -0.0002   0.0362   0.0002  -0.0312   1.0000
