
  RooFitResult: minimized FCN value: -2698.28, estimated distance to minimum: 1.56986e-05
                covariance matrix quality: Full matrix, but forced positive-definite
                Status : MINIMIZE=0 HESSE=0 MINOS=0 

    Constant Parameter    Value     
  --------------------  ------------
           peakFail_21    9.1188e+01

    Floating Parameter  InitialValue    FinalValue (+HiError,-LoError)    GblCorr.
  --------------------  ------------  ----------------------------------  --------
              NbkgFail    7.7083e+01    7.7066e+01         +/-  1.87e+01  <none>
              NbkgPass    3.9131e+00    3.8992e+00         +/-  5.93e+00  <none>
                  Nsig    1.4450e+03    1.4450e+03         +/-  4.14e+01  <none>
           alfaFail_21    1.9990e+02    1.9990e+02         +/-  1.81e+02  <none>
           betaFail_21    1.2865e-02    1.2872e-02         +/-  1.30e-02  <none>
                   eff    7.0663e-01    7.0663e-01 (+1.90e-02,-1.22e-02)  <none>
          gammaFail_21    3.4720e-02    3.4746e-02         +/-  7.57e-02  <none>
           meanFail_21    9.2768e-01    9.2762e-01         +/-  4.20e-01  <none>
           meanPass_21    6.5782e-01    6.5785e-01         +/-  1.43e-01  <none>
          sigmaFail_21    1.4967e+00    1.4970e+00         +/-  8.19e-01  <none>
          sigmaPass_21    1.2678e+00    1.2679e+00         +/-  3.48e-01  <none>
              tPass_21   -3.4755e-11   -2.6370e-07         +/-  3.32e-02  <none>


  Correlation Matrix
 --------------------
   1.0000   0.0002  -0.3504  -0.2665   0.3044   0.4935  -0.1136   0.1564  -0.0001  -0.3153  -0.0001   0.0001
   0.0002   1.0000  -0.1256  -0.0007   0.0006  -0.0733  -0.0006   0.0000  -0.0454  -0.0000  -0.0816   0.0015
  -0.3504  -0.1256   1.0000   0.1230  -0.1393  -0.2107   0.0541  -0.0701   0.0064   0.1412   0.0117  -0.0002
  -0.2665  -0.0007   0.1230   1.0000  -0.8433  -0.1693   0.8519  -0.0672   0.0003   0.1022   0.0003  -0.0003
   0.3044   0.0006  -0.1393  -0.8433   1.0000   0.1930  -0.4455   0.0271  -0.0003  -0.0971  -0.0002   0.0003
   0.4935  -0.0733  -0.2107  -0.1693   0.1930   1.0000  -0.0727   0.0987   0.0037  -0.1989   0.0067  -0.0001
  -0.1136  -0.0006   0.0541   0.8519  -0.4455  -0.0727   1.0000  -0.0387   0.0003   0.0486   0.0002  -0.0003
   0.1564   0.0000  -0.0701  -0.0672   0.0271   0.0987  -0.0387   1.0000  -0.0000  -0.4045   0.0000   0.0000
  -0.0001  -0.0454   0.0064   0.0003  -0.0003   0.0037   0.0003  -0.0000   1.0000   0.0000  -0.1543  -0.0004
  -0.3153  -0.0000   0.1412   0.1022  -0.0971  -0.1989   0.0486  -0.4045   0.0000   1.0000  -0.0000  -0.0000
  -0.0001  -0.0816   0.0117   0.0003  -0.0002   0.0067   0.0002   0.0000  -0.1543  -0.0000   1.0000  -0.0004
   0.0001   0.0015  -0.0002  -0.0003   0.0003  -0.0001  -0.0003   0.0000  -0.0004  -0.0000  -0.0004   1.0000
