
  RooFitResult: minimized FCN value: -39910.5, estimated distance to minimum: 0.10577
                covariance matrix quality: Full matrix, but forced positive-definite
                Status : MINIMIZE=-1 HESSE=4 MINOS=4 

    Constant Parameter    Value     
  --------------------  ------------
           peakFail_20    9.1188e+01

    Floating Parameter  InitialValue    FinalValue +/-  Error     GblCorr.
  --------------------  ------------  --------------------------  --------
              NbkgFail    5.1653e+02    5.1654e+02 +/-  2.02e-02  <none>
              NbkgPass    2.4443e+01    2.4371e+01 +/-  1.32e-02  <none>
                  Nsig    9.6780e+03    9.6781e+03 +/-  1.34e-01  <none>
           alfaFail_20    1.9878e+02    1.9879e+02 +/-  1.24e-02  <none>
           betaFail_20    2.9396e-02    2.9396e-02 +/-  1.64e-07  <none>
                   eff    7.5321e-01    7.5321e-01 +/-  2.79e-06  <none>
          gammaFail_20    1.9134e-01    1.9134e-01 +/-  2.10e-06  <none>
           meanFail_20    1.2789e-01    1.2790e-01 +/-  3.45e-04  <none>
           meanPass_20    4.0689e-01    4.4323e-01 +/-  9.63e-02  <none>
          sigmaFail_20    3.1906e-01    3.1903e-01 +/-  9.53e-05  <none>
          sigmaPass_20    1.0865e-02    5.5368e-03 +/-  2.64e-06  <none>
              tPass_20   -5.0855e-02   -5.0693e-02 +/-  4.79e-05  <none>


  Correlation Matrix
 --------------------
   1.0000  -0.0000  -0.0000  -0.0000  -0.0000   0.0000  -0.0000  -0.0000  -0.0000  -0.0000   0.0000  -0.0000
  -0.0000   1.0000   0.7333   0.8107   0.2204   0.2204   0.2204   0.8107   0.8130   0.7331  -0.8145   0.7318
  -0.0000   0.7333   1.0000   0.8961   0.2436   0.2436   0.2436   0.8962   0.8987   0.8103  -0.9003   0.8090
  -0.0000   0.8107   0.8961   1.0000   0.2693   0.2693   0.2693   0.9907   0.9935   0.8958  -0.9953   0.8943
  -0.0000   0.2204   0.2436   0.2693   1.0000   0.0732   0.0732   0.2693   0.2701   0.2435  -0.2706   0.2431
   0.0000   0.2204   0.2436   0.2693   0.0732   1.0000   0.0732   0.2693   0.2701   0.2435  -0.2706   0.2431
  -0.0000   0.2204   0.2436   0.2693   0.0732   0.0732   1.0000   0.2693   0.2701   0.2435  -0.2706   0.2431
  -0.0000   0.8107   0.8962   0.9907   0.2693   0.2693   0.2693   1.0000   0.9935   0.8958  -0.9954   0.8943
  -0.0000   0.8130   0.8987   0.9935   0.2701   0.2701   0.2701   0.9935   1.0000   0.8984  -0.9982   0.8969
  -0.0000   0.7331   0.8103   0.8958   0.2435   0.2435   0.2435   0.8958   0.8984   1.0000  -0.9000   0.8087
   0.0000  -0.8145  -0.9003  -0.9953  -0.2706  -0.2706  -0.2706  -0.9954  -0.9982  -0.9000   1.0000  -0.8985
  -0.0000   0.7318   0.8090   0.8943   0.2431   0.2431   0.2431   0.8943   0.8969   0.8087  -0.8985   1.0000
